1.236727000E+6	-9.993559564E-1	1.415418049E-3
2.173454000E+6	-9.987050726E-1	9.851081776E-3
3.110181000E+6	-9.983047479E-1	1.757895574E-2
4.046908000E+6	-9.979485599E-1	2.496209715E-2
4.983635000E+6	-9.974830379E-1	3.228459049E-2
5.920362000E+6	-9.970044433E-1	3.953368533E-2
6.857089000E+6	-9.964937382E-1	4.678433210E-2
7.793816000E+6	-9.959471956E-1	5.401263546E-2
8.730543000E+6	-9.953929054E-1	6.133684446E-2
9.667270000E+6	-9.946339666E-1	6.851338605E-2
1.060399700E+7	-9.940562354E-1	7.567623608E-2
1.154072400E+7	-9.934181015E-1	8.289534330E-2
1.247745100E+7	-9.925373768E-1	8.994199118E-2
1.341417800E+7	-9.918308439E-1	9.716512266E-2
1.435090500E+7	-9.910389722E-1	1.042598309E-1
1.528763200E+7	-9.899486470E-1	1.113391753E-1
1.622435900E+7	-9.891026539E-1	1.185092682E-1
1.716108600E+7	-9.879887298E-1	1.256279580E-1
1.809781300E+7	-9.869590511E-1	1.325358246E-1
1.903454000E+7	-9.858839949E-1	1.396163897E-1
1.997126700E+7	-9.848611112E-1	1.465835022E-1
2.090799400E+7	-9.836552810E-1	1.536998276E-1
2.184472100E+7	-9.825363859E-1	1.608328211E-1
2.278144800E+7	-9.810028616E-1	1.677482422E-1
2.371817500E+7	-9.795522899E-1	1.747578372E-1
2.465490200E+7	-9.785274223E-1	1.819262631E-1
2.559162900E+7	-9.769436467E-1	1.886850665E-1
2.652835600E+7	-9.754673266E-1	1.957852735E-1
2.746508300E+7	-9.740286133E-1	2.029192815E-1
2.840181000E+7	-9.724579838E-1	2.098265152E-1
2.933853700E+7	-9.708263529E-1	2.166891516E-1
3.027526400E+7	-9.692079093E-1	2.234895736E-1
3.121199100E+7	-9.674092696E-1	2.303727196E-1
3.214871800E+7	-9.656236834E-1	2.372960941E-1
3.308544500E+7	-9.638316943E-1	2.443087620E-1
3.402217200E+7	-9.618722176E-1	2.510831007E-1
3.495889900E+7	-9.601811071E-1	2.577793832E-1
3.589562600E+7	-9.581792106E-1	2.645166104E-1
3.683235300E+7	-9.560984858E-1	2.714975686E-1
3.776908000E+7	-9.540635366E-1	2.782599754E-1
3.870580700E+7	-9.520500253E-1	2.850796114E-1
3.964253400E+7	-9.499635287E-1	2.918354426E-1
4.057926100E+7	-9.477340139E-1	2.984777112E-1
4.151598800E+7	-9.455250733E-1	3.053064865E-1
4.245271500E+7	-9.431584523E-1	3.120090836E-1
4.338944200E+7	-9.409288890E-1	3.187774939E-1
4.432616900E+7	-9.385313085E-1	3.252647550E-1
4.526289600E+7	-9.360864565E-1	3.320303949E-1
4.619962300E+7	-9.337712474E-1	3.385377200E-1
4.713635000E+7	-9.312179815E-1	3.452094021E-1
4.807307700E+7	-9.286800491E-1	3.517923909E-1
4.900980400E+7	-9.260683621E-1	3.583538503E-1
4.994653100E+7	-9.235101950E-1	3.648692380E-1
5.088325800E+7	-9.208003455E-1	3.714354190E-1
5.181998500E+7	-9.180985267E-1	3.779449577E-1
5.275671200E+7	-9.153451928E-1	3.843190941E-1
5.369343900E+7	-9.124892528E-1	3.908590829E-1
5.463016600E+7	-9.096521885E-1	3.972569038E-1
5.556689300E+7	-9.068210173E-1	4.036815364E-1
5.650362000E+7	-9.038171257E-1	4.100682760E-1
5.744034700E+7	-9.008753307E-1	4.164603706E-1
5.837707400E+7	-8.978484955E-1	4.228113861E-1
5.931380100E+7	-8.947614035E-1	4.291646626E-1
6.025052800E+7	-8.916360017E-1	4.353407877E-1
6.118725500E+7	-8.884284936E-1	4.416123033E-1
6.212398200E+7	-8.852032863E-1	4.479348178E-1
6.306070900E+7	-8.818451675E-1	4.541728353E-1
6.399743600E+7	-8.786357608E-1	4.602477794E-1
6.493416300E+7	-8.753062822E-1	4.665867502E-1
6.587089000E+7	-8.720228765E-1	4.726548411E-1
6.680761700E+7	-8.684082539E-1	4.788414708E-1
6.774434400E+7	-8.649877608E-1	4.849368719E-1
6.868107100E+7	-8.615292841E-1	4.909592002E-1
6.961779800E+7	-8.579542245E-1	4.969346359E-1
7.055452500E+7	-8.544177930E-1	5.030094690E-1
7.149125200E+7	-8.507407374E-1	5.090384934E-1
7.242797900E+7	-8.471140015E-1	5.148492881E-1
7.336470600E+7	-8.432751804E-1	5.209370346E-1
7.430143300E+7	-8.397606578E-1	5.265480187E-1
7.523816000E+7	-8.359133239E-1	5.326667889E-1
7.617488700E+7	-8.319755923E-1	5.384391138E-1
7.711161400E+7	-8.284333697E-1	5.443546819E-1
7.804834100E+7	-8.242187119E-1	5.500945978E-1
7.898506800E+7	-8.203484606E-1	5.558381068E-1
7.992179500E+7	-8.166145507E-1	5.616858686E-1
8.085852200E+7	-8.124474228E-1	5.675799944E-1
8.179524900E+7	-8.081224353E-1	5.730970813E-1
8.273197600E+7	-8.041277506E-1	5.788506780E-1
8.366870300E+7	-7.999425989E-1	5.845726245E-1
8.460543000E+7	-7.958182008E-1	5.901963388E-1
8.554215700E+7	-7.915707730E-1	5.957336934E-1
8.647888400E+7	-7.872868331E-1	6.013062898E-1
8.741561100E+7	-7.829913851E-1	6.067079452E-1
8.835233800E+7	-7.785328554E-1	6.121915680E-1
8.928906500E+7	-7.741991846E-1	6.175444335E-1
9.022579200E+7	-7.698577525E-1	6.232593662E-1
9.116251900E+7	-7.654972268E-1	6.284709643E-1
9.209924600E+7	-7.610775289E-1	6.338295643E-1
9.303597300E+7	-7.564238971E-1	6.391742294E-1
9.397270000E+7	-7.517860661E-1	6.445720419E-1
9.490942700E+7	-7.471533368E-1	6.498865473E-1
9.584615400E+7	-7.427204759E-1	6.550454780E-1
9.678288100E+7	-7.379996999E-1	6.602410685E-1
9.771960800E+7	-7.332974358E-1	6.653539889E-1
9.865633500E+7	-7.285678853E-1	6.704974035E-1
9.959306200E+7	-7.237885069E-1	6.756152694E-1
1.005297890E+8	-7.189537841E-1	6.806896773E-1
1.014665160E+8	-7.141533878E-1	6.857588630E-1
1.024032430E+8	-7.092196348E-1	6.907505142E-1
1.033399700E+8	-7.043937244E-1	6.956048878E-1
1.042766970E+8	-6.994227537E-1	7.005387390E-1
1.052134240E+8	-6.943452575E-1	7.054775519E-1
1.061501510E+8	-6.894362687E-1	7.103702167E-1
1.070868780E+8	-6.843822168E-1	7.151637038E-1
1.080236050E+8	-6.793028253E-1	7.200353733E-1
1.089603320E+8	-6.742834875E-1	7.247297900E-1
1.098970590E+8	-6.691139143E-1	7.294589352E-1
1.108337860E+8	-6.638594465E-1	7.340554215E-1
1.117705130E+8	-6.586879376E-1	7.386263203E-1
1.127072400E+8	-6.535102922E-1	7.432480646E-1
1.136439670E+8	-6.482146324E-1	7.477992501E-1
1.145806940E+8	-6.429340874E-1	7.523962798E-1
1.155174210E+8	-6.375740216E-1	7.568174481E-1
1.164541480E+8	-6.322792318E-1	7.613383936E-1
1.173908750E+8	-6.267717479E-1	7.655794615E-1
1.183276020E+8	-6.215018155E-1	7.699109400E-1
1.192643290E+8	-6.162380981E-1	7.743462131E-1
1.202010560E+8	-6.106842622E-1	7.786099429E-1
1.211377830E+8	-6.050953351E-1	7.827381351E-1
1.220745100E+8	-5.996909032E-1	7.869809371E-1
1.230112370E+8	-5.942358582E-1	7.911316502E-1
1.239479640E+8	-5.887992768E-1	7.954637121E-1
1.248846910E+8	-5.830796982E-1	7.994443521E-1
1.258214180E+8	-5.774181539E-1	8.032717354E-1
1.267581450E+8	-5.717109693E-1	8.073135035E-1
1.276948720E+8	-5.660821123E-1	8.113702850E-1
1.286315990E+8	-5.603981923E-1	8.153529194E-1
1.295683260E+8	-5.544923455E-1	8.192705105E-1
1.305050530E+8	-5.490054124E-1	8.230193190E-1
1.314417800E+8	-5.428780832E-1	8.268202284E-1
1.323785070E+8	-5.372440237E-1	8.303714351E-1
1.333152340E+8	-5.312889501E-1	8.342769966E-1
1.342519610E+8	-5.251586387E-1	8.381376158E-1
1.351886880E+8	-5.194985941E-1	8.416847012E-1
1.361254150E+8	-5.135657836E-1	8.452218383E-1
1.370621420E+8	-5.075161584E-1	8.487049832E-1
1.379988690E+8	-5.017204306E-1	8.520656034E-1
1.389355960E+8	-4.956698274E-1	8.556703190E-1
1.398723230E+8	-4.896308346E-1	8.589228063E-1
1.408090500E+8	-4.836054719E-1	8.623233375E-1
1.417457770E+8	-4.775783395E-1	8.655807167E-1
1.426825040E+8	-4.716717304E-1	8.688596857E-1
1.436192310E+8	-4.656496797E-1	8.722217648E-1
1.445559580E+8	-4.594906660E-1	8.754393489E-1
1.454926850E+8	-4.533337748E-1	8.784898400E-1
1.464294120E+8	-4.472428499E-1	8.816312422E-1
1.473661390E+8	-4.412058040E-1	8.847723285E-1
1.483028660E+8	-4.349427089E-1	8.878296492E-1
1.492395930E+8	-4.288328480E-1	8.908858332E-1
1.501763200E+8	-4.226214102E-1	8.937835799E-1
1.511130470E+8	-4.163802609E-1	8.967251437E-1
1.520497740E+8	-4.100763759E-1	8.996308582E-1
1.529865010E+8	-4.038452348E-1	9.024858503E-1
1.539232280E+8	-3.976295989E-1	9.052405503E-1
1.548599550E+8	-3.913697523E-1	9.080038728E-1
1.557966820E+8	-3.849727052E-1	9.106757805E-1
1.567334090E+8	-3.785894686E-1	9.133544466E-1
1.576701360E+8	-3.722105317E-1	9.158357799E-1
1.586068630E+8	-3.657947244E-1	9.185171975E-1
1.595435900E+8	-3.594611523E-1	9.209763022E-1
1.604803170E+8	-3.530410135E-1	9.234462103E-1
1.614170440E+8	-3.466139542E-1	9.258113697E-1
1.623537710E+8	-3.401423339E-1	9.281969060E-1
1.632904980E+8	-3.336440968E-1	9.305690820E-1
1.642272250E+8	-3.271123506E-1	9.328216689E-1
1.651639520E+8	-3.205667949E-1	9.348946817E-1
1.661006790E+8	-3.139972266E-1	9.373550002E-1
1.670374060E+8	-3.074662240E-1	9.393834105E-1
1.679741330E+8	-3.010751100E-1	9.415119462E-1
1.689108600E+8	-2.944399624E-1	9.434583926E-1
1.698475870E+8	-2.878918371E-1	9.455618713E-1
1.707843140E+8	-2.811903845E-1	9.475097375E-1
1.717210410E+8	-2.746872553E-1	9.494554610E-1
1.726577680E+8	-2.680826789E-1	9.513414818E-1
1.735944950E+8	-2.614225071E-1	9.532392467E-1
1.745312220E+8	-2.547946446E-1	9.549706932E-1
1.754679490E+8	-2.481654113E-1	9.567655152E-1
1.764046760E+8	-2.415184443E-1	9.582896217E-1
1.773414030E+8	-2.348644698E-1	9.600213142E-1
1.782781300E+8	-2.283095877E-1	9.615968348E-1
1.792148570E+8	-2.214028820E-1	9.630963778E-1
1.801515840E+8	-2.148971840E-1	9.647463821E-1
1.810883110E+8	-2.082188965E-1	9.661140466E-1
1.820250380E+8	-2.015013207E-1	9.675496281E-1
1.829617650E+8	-1.947682802E-1	9.688738186E-1
1.838984920E+8	-1.879922271E-1	9.702243368E-1
1.848352190E+8	-1.812893553E-1	9.714808049E-1
1.857719460E+8	-1.746090764E-1	9.727592643E-1
1.867086730E+8	-1.679203805E-1	9.738921985E-1
1.876454000E+8	-1.611015585E-1	9.749730153E-1
1.885821270E+8	-1.541639003E-1	9.762010763E-1
1.895188540E+8	-1.475565805E-1	9.771117440E-1
1.904555810E+8	-1.408109231E-1	9.783196215E-1
1.913923080E+8	-1.339196839E-1	9.792037990E-1
1.923290350E+8	-1.272769103E-1	9.801153557E-1
1.932657620E+8	-1.203944000E-1	9.809041435E-1
1.942024890E+8	-1.135913603E-1	9.816716333E-1
1.951392160E+8	-1.069989633E-1	9.824437344E-1
1.960759430E+8	-9.999545379E-2	9.832385572E-1
1.970126700E+8	-9.326718572E-2	9.838820334E-1
1.979493970E+8	-8.632886249E-2	9.844121566E-1
1.988861240E+8	-7.960765110E-2	9.850560382E-1
1.998228510E+8	-7.285885861E-2	9.854833451E-1
2.007595780E+8	-6.603449719E-2	9.860908071E-1
2.016963050E+8	-5.914314218E-2	9.863423280E-1
2.026330320E+8	-5.243496328E-2	9.866465403E-1
2.035697590E+8	-4.556629631E-2	9.870984581E-1
2.045064860E+8	-3.883789560E-2	9.874666274E-1
2.054432130E+8	-3.196955218E-2	9.877277712E-1
2.063799400E+8	-2.507519141E-2	9.878933871E-1
2.073166670E+8	-1.824724581E-2	9.879099738E-1
2.082533940E+8	-1.133210756E-2	9.880096557E-1
2.091901210E+8	-4.581740647E-3	9.881967242E-1
2.101268480E+8	2.161917034E-3	9.881642699E-1
2.110635750E+8	8.957731822E-3	9.880946056E-1
2.120003020E+8	1.578629980E-2	9.880311728E-1
2.129370290E+8	2.248325629E-2	9.879519576E-1
2.138737560E+8	2.920629052E-2	9.877968476E-1
2.148104830E+8	3.597268600E-2	9.874934716E-1
2.157472100E+8	4.284928923E-2	9.872433131E-1
2.166839370E+8	4.964085249E-2	9.869443106E-1
2.176206640E+8	5.630953473E-2	9.868031486E-1
2.185573910E+8	6.300971379E-2	9.862391071E-1
2.194941180E+8	6.970872432E-2	9.858957984E-1
2.204308450E+8	7.654330273E-2	9.853055877E-1
2.213675720E+8	8.326702040E-2	9.849117591E-1
2.223042990E+8	9.006894016E-2	9.843364285E-1
2.232410260E+8	9.678418125E-2	9.836874157E-1
2.241777530E+8	1.034595587E-1	9.830462284E-1
2.251144800E+8	1.101289980E-1	9.822627841E-1
2.260512070E+8	1.168037748E-1	9.816805855E-1
2.269879340E+8	1.235237278E-1	9.808216286E-1
2.279246610E+8	1.303240904E-1	9.800386992E-1
2.288613880E+8	1.370651722E-1	9.791216681E-1
2.297981150E+8	1.436840118E-1	9.781681553E-1
2.307348420E+8	1.503966017E-1	9.771958237E-1
2.316715690E+8	1.570349027E-1	9.762299427E-1
2.326082960E+8	1.637726541E-1	9.751212206E-1
2.335450230E+8	1.701981087E-1	9.739945886E-1
2.344817500E+8	1.770534793E-1	9.728397630E-1
2.354184770E+8	1.836258953E-1	9.716735708E-1
2.363552040E+8	1.902688168E-1	9.704001150E-1
2.372919310E+8	1.968684196E-1	9.690702672E-1
2.382286580E+8	2.036506097E-1	9.676933210E-1
2.391653850E+8	2.101037220E-1	9.664730168E-1
2.401021120E+8	2.166877252E-1	9.647921773E-1
2.410388390E+8	2.232315358E-1	9.634224693E-1
2.419755660E+8	2.296176489E-1	9.619724611E-1
2.429122930E+8	2.363294205E-1	9.602903461E-1
2.438490200E+8	2.429086523E-1	9.585560948E-1
2.447857470E+8	2.493796047E-1	9.568637088E-1
2.457224740E+8	2.558340345E-1	9.551885845E-1
2.466592010E+8	2.623058628E-1	9.533907615E-1
2.475959280E+8	2.690798917E-1	9.516590337E-1
2.485326550E+8	2.753669916E-1	9.498051212E-1
2.494693820E+8	2.817480598E-1	9.479391642E-1
2.504061090E+8	2.881357495E-1	9.460435526E-1
2.513428360E+8	2.945160219E-1	9.440210910E-1
2.522795630E+8	3.010289080E-1	9.419436095E-1
2.532162900E+8	3.074998030E-1	9.401686521E-1
2.541530170E+8	3.139366083E-1	9.378503556E-1
2.550897440E+8	3.203617489E-1	9.357212314E-1
2.560264710E+8	3.265078985E-1	9.333382208E-1
2.569631980E+8	3.331300890E-1	9.314698334E-1
2.578999250E+8	3.391665681E-1	9.289420148E-1
2.588366520E+8	3.455515169E-1	9.266356135E-1
2.597733790E+8	3.518561123E-1	9.243476963E-1
2.607101060E+8	3.581403922E-1	9.219439180E-1
2.616468330E+8	3.643147267E-1	9.194142169E-1
2.625835600E+8	3.705219663E-1	9.170327561E-1
2.635202870E+8	3.768617494E-1	9.143870660E-1
2.644570140E+8	3.830740897E-1	9.118318130E-1
2.653937410E+8	3.892763040E-1	9.093627975E-1
2.663304680E+8	3.954172344E-1	9.065762343E-1
2.672671950E+8	4.015447617E-1	9.039487071E-1
2.682039220E+8	4.077186468E-1	9.012426141E-1
2.691406490E+8	4.139192012E-1	8.983957183E-1
2.700773760E+8	4.199279598E-1	8.956827687E-1
2.710141030E+8	4.261471119E-1	8.927710341E-1
2.719508300E+8	4.321458011E-1	8.898675429E-1
2.728875570E+8	4.382933058E-1	8.869709983E-1
2.738242840E+8	4.441515439E-1	8.840800545E-1
2.747610110E+8	4.502448838E-1	8.810076006E-1
2.756977380E+8	4.560791229E-1	8.779565320E-1
2.766344650E+8	4.620090504E-1	8.748835784E-1
2.775711920E+8	4.679978908E-1	8.716764432E-1
2.785079190E+8	4.739355717E-1	8.685324324E-1
2.794446460E+8	4.797093949E-1	8.652897495E-1
2.803813730E+8	4.856455558E-1	8.621737749E-1
2.813181000E+8	4.914534415E-1	8.589152779E-1
2.822548270E+8	4.972247391E-1	8.557485373E-1
2.831915540E+8	5.029420693E-1	8.522616057E-1
2.841282810E+8	5.086228224E-1	8.490661436E-1
2.850650080E+8	5.143797885E-1	8.455853584E-1
2.860017350E+8	5.201012689E-1	8.420612024E-1
2.869384620E+8	5.257233115E-1	8.387168941E-1
2.878751890E+8	5.313407930E-1	8.353188574E-1
2.888119160E+8	5.368272799E-1	8.317427138E-1
2.897486430E+8	5.425081556E-1	8.279914656E-1
2.906853700E+8	5.480131390E-1	8.244832822E-1
2.916220970E+8	5.536697569E-1	8.209374970E-1
2.925588240E+8	5.589954340E-1	8.170937376E-1
2.934955510E+8	5.644842598E-1	8.135930772E-1
2.944322780E+8	5.699582363E-1	8.097902654E-1
2.953690050E+8	5.753969204E-1	8.057583224E-1
2.963057320E+8	5.807885352E-1	8.021599779E-1
2.972424590E+8	5.860825390E-1	7.983519464E-1
2.981791860E+8	5.914385432E-1	7.943515510E-1
2.991159130E+8	5.968382962E-1	7.905322022E-1
3.000526400E+8	6.020253513E-1	7.865132602E-1
3.009893670E+8	6.072442981E-1	7.824757690E-1
3.019260940E+8	6.124243990E-1	7.783936208E-1
3.028628210E+8	6.177780572E-1	7.741420324E-1
3.037995480E+8	6.227086722E-1	7.699899032E-1
3.047362750E+8	6.279477862E-1	7.659911653E-1
3.056730020E+8	6.331359249E-1	7.618095858E-1
3.066097290E+8	6.382352967E-1	7.572890853E-1
3.075464560E+8	6.432814847E-1	7.531142708E-1
3.084831830E+8	6.483480354E-1	7.490135211E-1
3.094199100E+8	6.533281469E-1	7.446561917E-1
3.103566370E+8	6.582031435E-1	7.398982304E-1
3.112933640E+8	6.631302950E-1	7.357677747E-1
3.122300910E+8	6.680692671E-1	7.312143047E-1
3.131668180E+8	6.727392687E-1	7.266594629E-1
3.141035450E+8	6.775179339E-1	7.221336287E-1
3.150402720E+8	6.825459093E-1	7.176681033E-1
3.159769990E+8	6.871697594E-1	7.131023993E-1
3.169137260E+8	6.919156891E-1	7.083603290E-1
3.178504530E+8	6.964900661E-1	7.040016315E-1
3.187871800E+8	7.011228784E-1	6.990579556E-1
3.197239070E+8	7.056511228E-1	6.945651971E-1
3.206606340E+8	7.103509770E-1	6.897202320E-1
3.215973610E+8	7.150435699E-1	6.849095809E-1
3.225340880E+8	7.194607185E-1	6.801477604E-1
3.234708150E+8	7.238498588E-1	6.754995262E-1
3.244075420E+8	7.283439950E-1	6.706706410E-1
3.253442690E+8	7.328302591E-1	6.656909061E-1
3.262809960E+8	7.372623640E-1	6.608692729E-1
3.272177230E+8	7.415546118E-1	6.559533434E-1
3.281544500E+8	7.459872015E-1	6.509642051E-1
3.290911770E+8	7.502179852E-1	6.460635758E-1
3.300279040E+8	7.545283502E-1	6.410029014E-1
3.309646310E+8	7.588459973E-1	6.358285538E-1
3.319013580E+8	7.630404494E-1	6.309164088E-1
3.328380850E+8	7.672627374E-1	6.257596920E-1
3.337748120E+8	7.712207700E-1	6.205912079E-1
3.347115390E+8	7.755728289E-1	6.155751939E-1
3.356482660E+8	7.796715209E-1	6.102118894E-1
3.365849930E+8	7.836953771E-1	6.051575208E-1
3.375217200E+8	7.877722293E-1	5.998711679E-1
3.384584470E+8	7.916490451E-1	5.946490191E-1
3.393951740E+8	7.956765746E-1	5.893466704E-1
3.403319010E+8	7.995590682E-1	5.840551578E-1
3.412686280E+8	8.033894647E-1	5.786832642E-1
3.422053550E+8	8.073576054E-1	5.733354715E-1
3.431420820E+8	8.112825023E-1	5.679274350E-1
3.440788090E+8	8.151046332E-1	5.626706234E-1
3.450155360E+8	8.185722424E-1	5.571989070E-1
3.459522630E+8	8.224186419E-1	5.517466072E-1
3.468889900E+8	8.260011478E-1	5.462813362E-1
3.478257170E+8	8.298062488E-1	5.408819695E-1
3.487624440E+8	8.334742608E-1	5.351821418E-1
3.496991710E+8	8.369972770E-1	5.298695470E-1
3.506358980E+8	8.404063697E-1	5.241494648E-1
3.515726250E+8	8.439080329E-1	5.187293063E-1
3.525093520E+8	8.475262307E-1	5.131005616E-1
3.534460790E+8	8.509008841E-1	5.074621308E-1
3.543828060E+8	8.541708375E-1	5.019879213E-1
3.553195330E+8	8.576470591E-1	4.963706903E-1
3.562562600E+8	8.611543587E-1	4.909148731E-1
3.571929870E+8	8.640183689E-1	4.850301014E-1
3.581297140E+8	8.671440987E-1	4.793499757E-1
3.590664410E+8	8.705212614E-1	4.737375676E-1
3.600031680E+8	8.737690247E-1	4.681237601E-1
3.609398950E+8	8.769484127E-1	4.626219644E-1
3.618766220E+8	8.798573764E-1	4.568575922E-1
3.628133490E+8	8.828952293E-1	4.511439471E-1
3.637500760E+8	8.857834402E-1	4.455007177E-1
3.646868030E+8	8.888780351E-1	4.396161654E-1
3.656235300E+8	8.916965685E-1	4.337402627E-1
3.665602570E+8	8.946447252E-1	4.280908330E-1
3.674969840E+8	8.974405029E-1	4.220893026E-1
3.684337110E+8	9.001009393E-1	4.164418684E-1
3.693704380E+8	9.030130013E-1	4.105719250E-1
3.703071650E+8	9.056606923E-1	4.046244490E-1
3.712438920E+8	9.083616334E-1	3.987306976E-1
3.721806190E+8	9.110124762E-1	3.928337310E-1
3.731173460E+8	9.137329688E-1	3.870093427E-1
3.740540730E+8	9.162733039E-1	3.811257094E-1
3.749908000E+8	9.187422058E-1	3.751726791E-1
3.759275270E+8	9.211212756E-1	3.690825913E-1
3.768642540E+8	9.235781140E-1	3.632545310E-1
3.778009810E+8	9.259226126E-1	3.570886720E-1
3.787377080E+8	9.283591307E-1	3.511513841E-1
3.796744350E+8	9.306395601E-1	3.451637192E-1
3.806111620E+8	9.328708939E-1	3.391321347E-1
3.815478890E+8	9.350838763E-1	3.330499447E-1
3.824846160E+8	9.372219527E-1	3.269869299E-1
3.834213430E+8	9.394233689E-1	3.209862966E-1
3.843580700E+8	9.414211847E-1	3.148530023E-1
3.852947970E+8	9.435353518E-1	3.087414291E-1
3.862315240E+8	9.455567265E-1	3.026887029E-1
3.871682510E+8	9.474923776E-1	2.964996833E-1
3.881049780E+8	9.494154143E-1	2.904181732E-1
3.890417050E+8	9.512197784E-1	2.842268255E-1
3.899784320E+8	9.531623248E-1	2.781060266E-1
3.909151590E+8	9.549179643E-1	2.719206045E-1
3.918518860E+8	9.567100399E-1	2.657224851E-1
3.927886130E+8	9.584008486E-1	2.594899341E-1
3.937253400E+8	9.601140015E-1	2.533387920E-1
3.946620670E+8	9.616530055E-1	2.472077524E-1
3.955987940E+8	9.631997754E-1	2.408506548E-1
3.965355210E+8	9.648287858E-1	2.346528213E-1
3.974722480E+8	9.662472527E-1	2.285135417E-1
3.984089750E+8	9.677348074E-1	2.222049572E-1
3.993457020E+8	9.692569085E-1	2.159936009E-1
4.002824290E+8	9.705627544E-1	2.096983775E-1
4.012191560E+8	9.719305680E-1	2.034309083E-1
4.021558830E+8	9.731838953E-1	1.970976334E-1
4.030926100E+8	9.743291557E-1	1.907889195E-1
4.040293370E+8	9.755572395E-1	1.845393267E-1
4.049660640E+8	9.769417024E-1	1.782024009E-1
4.059027910E+8	9.780106849E-1	1.718053626E-1
4.068395180E+8	9.792679862E-1	1.657291108E-1
4.077762450E+8	9.802253366E-1	1.593489840E-1
4.087129720E+8	9.811113530E-1	1.528996914E-1
4.096496990E+8	9.821478821E-1	1.465986294E-1
4.105864260E+8	9.830695477E-1	1.402229334E-1
4.115231530E+8	9.839025717E-1	1.340475712E-1
4.124598800E+8	9.847816244E-1	1.276206105E-1
4.133966070E+8	9.855249375E-1	1.212877513E-1
4.143333340E+8	9.862947489E-1	1.148014840E-1
4.152700610E+8	9.871139283E-1	1.086108963E-1
4.162067880E+8	9.878885755E-1	1.020597236E-1
4.171435150E+8	9.884889928E-1	9.602437902E-2
4.180802420E+8	9.891946994E-1	8.983060981E-2
4.190169690E+8	9.898188160E-1	8.317115427E-2
4.199536960E+8	9.901306064E-1	7.678841030E-2
4.208904230E+8	9.906267698E-1	7.066403381E-2
4.218271500E+8	9.909987285E-1	6.413188766E-2
4.227638770E+8	9.915635329E-1	5.757235307E-2
4.237006040E+8	9.919875023E-1	5.148230106E-2
4.246373310E+8	9.922069706E-1	4.488928464E-2
4.255740580E+8	9.925173292E-1	3.869698426E-2
4.265107850E+8	9.927852721E-1	3.228328137E-2
4.274475120E+8	9.929175905E-1	2.589907209E-2
4.283842390E+8	9.929922078E-1	1.956223385E-2
4.293209660E+8	9.932278530E-1	1.311172809E-2
4.302576930E+8	9.933145673E-1	6.769795670E-3
4.311944200E+8	9.933352443E-1	5.163543836E-4
4.321311470E+8	9.933621688E-1	-5.828179436E-3
4.330678740E+8	9.932332667E-1	-1.222864390E-2
4.340046010E+8	9.932545067E-1	-1.858865030E-2
4.349413280E+8	9.931051906E-1	-2.488127412E-2
4.358780550E+8	9.930094421E-1	-3.123071658E-2
4.368147820E+8	9.928157776E-1	-3.756681374E-2
4.377515090E+8	9.925755095E-1	-4.386284130E-2
4.386882360E+8	9.922886333E-1	-5.018758006E-2
4.396249630E+8	9.919818668E-1	-5.644149189E-2
4.405616900E+8	9.916280333E-1	-6.282477225E-2
4.414984170E+8	9.912023796E-1	-6.914708600E-2
4.424351440E+8	9.907572645E-1	-7.541187398E-2
4.433718710E+8	9.902922154E-1	-8.168445573E-2
4.443085980E+8	9.898563482E-1	-8.800762693E-2
4.452453250E+8	9.893223951E-1	-9.422745538E-2
4.461820520E+8	9.886807469E-1	-1.005652606E-1
4.471187790E+8	9.880789540E-1	-1.068065139E-1
4.480555060E+8	9.874171626E-1	-1.131461753E-1
4.489922330E+8	9.866884274E-1	-1.194263989E-1
4.499289600E+8	9.860134850E-1	-1.257392105E-1
4.508656870E+8	9.852860637E-1	-1.319684118E-1
4.518024140E+8	9.844149865E-1	-1.381969042E-1
4.527391410E+8	9.835184395E-1	-1.444978645E-1
4.536758680E+8	9.826743350E-1	-1.503820660E-1
4.546125950E+8	9.815313867E-1	-1.568385858E-1
4.555493220E+8	9.806548778E-1	-1.632100188E-1
4.564860490E+8	9.796209461E-1	-1.690741173E-1
4.574227760E+8	9.787455443E-1	-1.752431603E-1
4.583595030E+8	9.774715286E-1	-1.816850148E-1
4.592962300E+8	9.764029246E-1	-1.879787370E-1
4.602329570E+8	9.751125945E-1	-1.939144852E-1
4.611696840E+8	9.738554630E-1	-2.000214305E-1
4.621064110E+8	9.726624868E-1	-2.062656479E-1
4.630431380E+8	9.713757761E-1	-2.123345644E-1
4.639798650E+8	9.699082245E-1	-2.185146919E-1
4.649165920E+8	9.685557560E-1	-2.245201020E-1
4.658533190E+8	9.671062413E-1	-2.305551029E-1
4.667900460E+8	9.656389170E-1	-2.369601408E-1
4.677267730E+8	9.645039929E-1	-2.428054227E-1
4.686635000E+8	9.627358859E-1	-2.486688928E-1
4.696002270E+8	9.612595951E-1	-2.549095854E-1
4.705369540E+8	9.595446549E-1	-2.609656642E-1
4.714736810E+8	9.577146789E-1	-2.672883966E-1
4.724104080E+8	9.562314588E-1	-2.733877029E-1
4.733471350E+8	9.544766882E-1	-2.789821179E-1
4.742838620E+8	9.527482943E-1	-2.850303806E-1
4.752205890E+8	9.508376048E-1	-2.911199019E-1
4.761573160E+8	9.492109221E-1	-2.970033306E-1
4.770940430E+8	9.471861997E-1	-3.031042648E-1
4.780307700E+8	9.453923324E-1	-3.089841633E-1
4.789674970E+8	9.432902780E-1	-3.147732428E-1
4.799042240E+8	9.414448389E-1	-3.209118854E-1
4.808409510E+8	9.394412533E-1	-3.267673747E-1
4.817776780E+8	9.374396574E-1	-3.326282197E-1
4.827144050E+8	9.352601577E-1	-3.384309022E-1
4.836511320E+8	9.331512322E-1	-3.443080810E-1
4.845878590E+8	9.309991237E-1	-3.502137212E-1
4.855245860E+8	9.288330737E-1	-3.559698114E-1
4.864613130E+8	9.265252342E-1	-3.617664679E-1
4.873980400E+8	9.242924528E-1	-3.675428698E-1
4.883347670E+8	9.219883097E-1	-3.733066113E-1
4.892714940E+8	9.196279202E-1	-3.790637719E-1
4.902082210E+8	9.172808210E-1	-3.847580347E-1
4.911449480E+8	9.148578446E-1	-3.904847689E-1
4.920816750E+8	9.123934056E-1	-3.962311971E-1
4.930184020E+8	9.099205666E-1	-4.018823308E-1
4.939551290E+8	9.073898045E-1	-4.075680577E-1
4.948918560E+8	9.048368901E-1	-4.131669173E-1
4.958285830E+8	9.023107775E-1	-4.186940468E-1
4.967653100E+8	8.995577189E-1	-4.245039044E-1
4.977020370E+8	8.969941981E-1	-4.300527218E-1
4.986387640E+8	8.943675255E-1	-4.355904835E-1
4.995754910E+8	8.915679783E-1	-4.411387924E-1
5.005122180E+8	8.888204742E-1	-4.468292414E-1
5.014489450E+8	8.860342921E-1	-4.522448538E-1
5.023856720E+8	8.833347460E-1	-4.576437743E-1
5.033223990E+8	8.804144337E-1	-4.632150820E-1
5.042591260E+8	8.776427856E-1	-4.686828163E-1
5.051958530E+8	8.745744417E-1	-4.739836091E-1
5.061325800E+8	8.714751313E-1	-4.793987397E-1
5.070693070E+8	8.685135744E-1	-4.846750762E-1
5.080060340E+8	8.656896952E-1	-4.901878664E-1
5.089427610E+8	8.625455826E-1	-4.953801179E-1
5.098794880E+8	8.594592891E-1	-5.007813326E-1
5.108162150E+8	8.565056204E-1	-5.061505064E-1
5.117529420E+8	8.531518788E-1	-5.112895268E-1
5.126896690E+8	8.499763731E-1	-5.166367516E-1
5.136263960E+8	8.469611958E-1	-5.217484851E-1
5.145631230E+8	8.438715481E-1	-5.269308802E-1
5.154998500E+8	8.404651844E-1	-5.321997328E-1
5.164365770E+8	8.372740831E-1	-5.373437325E-1
5.173733040E+8	8.337089010E-1	-5.425459013E-1
5.183100310E+8	8.303638477E-1	-5.476186341E-1
5.192467580E+8	8.269856664E-1	-5.527479263E-1
5.201834850E+8	8.238041017E-1	-5.579295089E-1
5.211202120E+8	8.203770601E-1	-5.629154871E-1
5.220569390E+8	8.167427197E-1	-5.678373496E-1
5.229936660E+8	8.132311382E-1	-5.729480451E-1
5.239303930E+8	8.096960320E-1	-5.779343543E-1
5.248671200E+8	8.061157225E-1	-5.826087010E-1
5.258038470E+8	8.026258953E-1	-5.877324978E-1
5.267405740E+8	7.990262571E-1	-5.928820408E-1
5.276773010E+8	7.953715412E-1	-5.978410456E-1
5.286140280E+8	7.917826226E-1	-6.026457251E-1
5.295507550E+8	7.880022778E-1	-6.074614244E-1
5.304874820E+8	7.841508722E-1	-6.122652225E-1
5.314242090E+8	7.803489052E-1	-6.169997020E-1
5.323609360E+8	7.766073674E-1	-6.217897120E-1
5.332976630E+8	7.729407651E-1	-6.267415698E-1
5.342343900E+8	7.690155045E-1	-6.313756383E-1
5.351711170E+8	7.652172018E-1	-6.359694951E-1
5.361078440E+8	7.612161760E-1	-6.406274950E-1
5.370445710E+8	7.573212714E-1	-6.453340535E-1
5.379812980E+8	7.533120833E-1	-6.500460661E-1
5.389180250E+8	7.493372709E-1	-6.545621503E-1
5.398547520E+8	7.453289875E-1	-6.591430717E-1
5.407914790E+8	7.412920628E-1	-6.637009083E-1
5.417282060E+8	7.372598195E-1	-6.681967466E-1
5.426649330E+8	7.331562876E-1	-6.727642946E-1
5.436016600E+8	7.289893529E-1	-6.771078178E-1
5.445383870E+8	7.249022705E-1	-6.816025576E-1
5.454751140E+8	7.207279056E-1	-6.860288415E-1
5.464118410E+8	7.164911808E-1	-6.904411492E-1
5.473485680E+8	7.122808495E-1	-6.948073215E-1
5.482852950E+8	7.081553096E-1	-6.991022071E-1
5.492220220E+8	7.038352691E-1	-7.034212306E-1
5.501587490E+8	6.994502830E-1	-7.077330481E-1
5.510954760E+8	6.953299156E-1	-7.120888720E-1
5.520322030E+8	6.909821533E-1	-7.161295377E-1
5.529689300E+8	6.864764545E-1	-7.204520832E-1
5.539056570E+8	6.821917321E-1	-7.245737788E-1
5.548423840E+8	6.778607594E-1	-7.287432658E-1
5.557791110E+8	6.733443793E-1	-7.328839998E-1
5.567158380E+8	6.690453144E-1	-7.368128637E-1
5.576525650E+8	6.644068553E-1	-7.409790324E-1
5.585892920E+8	6.599224946E-1	-7.449687157E-1
5.595260190E+8	6.554169406E-1	-7.490075010E-1
5.604627460E+8	6.511564551E-1	-7.528772637E-1
5.613994730E+8	6.463176113E-1	-7.568861401E-1
5.623362000E+8	6.416468565E-1	-7.606887266E-1
5.632729270E+8	6.371280811E-1	-7.644272342E-1
5.642096540E+8	6.324784998E-1	-7.685568445E-1
5.651463810E+8	6.277318349E-1	-7.722670371E-1
5.660831080E+8	6.232896619E-1	-7.762530746E-1
5.670198350E+8	6.184723196E-1	-7.797934689E-1
5.679565620E+8	6.138157808E-1	-7.832351057E-1
5.688932890E+8	6.091039701E-1	-7.870555535E-1
5.698300160E+8	6.042268435E-1	-7.906553345E-1
5.707667430E+8	5.993087089E-1	-7.946236296E-1
5.717034700E+8	5.946621589E-1	-7.980313788E-1
5.726401970E+8	5.898882322E-1	-8.015641069E-1
5.735769240E+8	5.849393143E-1	-8.052444081E-1
5.745136510E+8	5.801214990E-1	-8.085503186E-1
5.754503780E+8	5.752458156E-1	-8.120853580E-1
5.763871050E+8	5.701117571E-1	-8.153852307E-1
5.773238320E+8	5.652319944E-1	-8.190182592E-1
5.782605590E+8	5.603316370E-1	-8.224168016E-1
5.791972860E+8	5.555922920E-1	-8.255220996E-1
5.801340130E+8	5.504255955E-1	-8.289164539E-1
5.810707400E+8	5.454140822E-1	-8.321370164E-1
5.820074670E+8	5.404575294E-1	-8.354497598E-1
5.829441940E+8	5.354654418E-1	-8.387697773E-1
5.838809210E+8	5.302933236E-1	-8.419207204E-1
5.848176480E+8	5.254272582E-1	-8.449731609E-1
5.857543750E+8	5.203390895E-1	-8.479600053E-1
5.866911020E+8	5.153295368E-1	-8.512083396E-1
5.876278290E+8	5.101662261E-1	-8.542718199E-1
5.885645560E+8	5.050563180E-1	-8.572695546E-1
5.895012830E+8	4.997679702E-1	-8.601883898E-1
5.904380100E+8	4.947541480E-1	-8.631637686E-1
5.913747370E+8	4.895970694E-1	-8.660385605E-1
5.923114640E+8	4.843692716E-1	-8.689081474E-1
5.932481910E+8	4.791711180E-1	-8.717520934E-1
5.941849180E+8	4.740335708E-1	-8.747135977E-1
5.951216450E+8	4.688083765E-1	-8.774652842E-1
5.960583720E+8	4.636338134E-1	-8.801906745E-1
5.969950990E+8	4.583187385E-1	-8.829042904E-1
5.979318260E+8	4.530223187E-1	-8.856527376E-1
5.988685530E+8	4.477443624E-1	-8.883162552E-1
5.998052800E+8	4.423853697E-1	-8.910083261E-1
6.007420070E+8	4.372097720E-1	-8.934885282E-1
6.016787340E+8	4.319088511E-1	-8.961588484E-1
6.026154610E+8	4.264880657E-1	-8.986291058E-1
6.035521880E+8	4.211997552E-1	-9.011812814E-1
6.044889150E+8	4.158694342E-1	-9.035833613E-1
6.054256420E+8	4.103972811E-1	-9.061581283E-1
6.063623690E+8	4.051449239E-1	-9.086034959E-1
6.072990960E+8	3.997310576E-1	-9.108309242E-1
6.082358230E+8	3.942641736E-1	-9.132872852E-1
6.091725500E+8	3.888556992E-1	-9.154917632E-1
6.101092770E+8	3.834511510E-1	-9.177674718E-1
6.110460040E+8	3.779582611E-1	-9.200513081E-1
6.119827310E+8	3.725286503E-1	-9.222511499E-1
6.129194580E+8	3.671877908E-1	-9.244681930E-1
6.138561850E+8	3.615607138E-1	-9.266059806E-1
6.147929120E+8	3.559441726E-1	-9.285831237E-1
6.157296390E+8	3.507089908E-1	-9.305594335E-1
6.166663660E+8	3.450705253E-1	-9.327375448E-1
6.176030930E+8	3.394985337E-1	-9.346897020E-1
6.185398200E+8	3.339921875E-1	-9.366612688E-1
6.194765470E+8	3.285081167E-1	-9.385808465E-1
6.204132740E+8	3.228543968E-1	-9.403237820E-1
6.213500010E+8	3.172946827E-1	-9.423686575E-1
6.222867280E+8	3.118523220E-1	-9.442720473E-1
6.232234550E+8	3.062100121E-1	-9.460177832E-1
6.241601820E+8	3.004389933E-1	-9.478680459E-1
6.250969090E+8	2.950563487E-1	-9.497340129E-1
6.260336360E+8	2.894180645E-1	-9.513183171E-1
6.269703630E+8	2.837524129E-1	-9.530159230E-1
6.279070900E+8	2.781804431E-1	-9.545149913E-1
6.288438170E+8	2.726144458E-1	-9.564118723E-1
6.297805440E+8	2.669737676E-1	-9.578411471E-1
6.307172710E+8	2.613933355E-1	-9.595113081E-1
6.316539980E+8	2.556430729E-1	-9.608668627E-1
6.325907250E+8	2.499380968E-1	-9.624370707E-1
6.335274520E+8	2.443350914E-1	-9.638805023E-1
6.344641790E+8	2.385592491E-1	-9.654409430E-1
6.354009060E+8	2.329423797E-1	-9.667916251E-1
6.363376330E+8	2.272542528E-1	-9.681555059E-1
6.372743600E+8	2.215767749E-1	-9.694842262E-1
6.382110870E+8	2.158199803E-1	-9.708561938E-1
6.391478140E+8	2.099858188E-1	-9.720031223E-1
6.400845410E+8	2.043759566E-1	-9.732143168E-1
6.410212680E+8	1.987172632E-1	-9.742984851E-1
6.419579950E+8	1.930070231E-1	-9.755813996E-1
6.428947220E+8	1.873542272E-1	-9.766239718E-1
6.438314490E+8	1.816631058E-1	-9.777143002E-1
6.447681760E+8	1.757341059E-1	-9.788732818E-1
6.457049030E+8	1.701216939E-1	-9.799604749E-1
6.466416300E+8	1.643005206E-1	-9.808724360E-1
6.475783570E+8	1.586340016E-1	-9.820080279E-1
6.485150840E+8	1.527941490E-1	-9.827770163E-1
6.494518110E+8	1.471528849E-1	-9.837545783E-1
6.503885380E+8	1.413190723E-1	-9.846197512E-1
6.513252650E+8	1.355934219E-1	-9.853885652E-1
6.522619920E+8	1.297390802E-1	-9.862902243E-1
6.531987190E+8	1.240719283E-1	-9.869664579E-1
6.541354460E+8	1.182947794E-1	-9.877186884E-1
6.550721730E+8	1.126165182E-1	-9.884314851E-1
6.560089000E+8	1.069005600E-1	-9.891234464E-1
6.569456270E+8	1.010070029E-1	-9.898225692E-1
6.578823540E+8	9.529943116E-2	-9.903579201E-1
6.588190810E+8	8.963367569E-2	-9.910393382E-1
6.597558080E+8	8.379531425E-2	-9.914660060E-1
6.606925350E+8	7.811776205E-2	-9.921725485E-1
6.616292620E+8	7.246992893E-2	-9.925414248E-1
6.625659890E+8	6.671786718E-2	-9.929569749E-1
6.635027160E+8	6.090359592E-2	-9.932163119E-1
6.644394430E+8	5.526369290E-2	-9.939807700E-1
6.653761700E+8	4.964777132E-2	-9.942137039E-1
6.663128970E+8	4.396906787E-2	-9.944245907E-1
6.672496240E+8	3.829850501E-2	-9.946090340E-1
6.681863510E+8	3.280093552E-2	-9.950841250E-1
6.691230780E+8	2.692419059E-2	-9.953576067E-1
6.700598050E+8	2.134815809E-2	-9.953904988E-1
6.709965320E+8	1.582202229E-2	-9.954325095E-1
6.719332590E+8	1.008817715E-2	-9.956068375E-1
6.728699860E+8	4.600458045E-3	-9.956458710E-1
6.738067130E+8	-1.066862160E-3	-9.956683008E-1
6.747434400E+8	-6.629261488E-3	-9.956276377E-1
6.756801670E+8	-1.224256908E-2	-9.956993115E-1
6.766168940E+8	-1.781821503E-2	-9.956027835E-1
6.775536210E+8	-2.339244675E-2	-9.954053461E-1
6.784903480E+8	-2.917916706E-2	-9.951637247E-1
6.794270750E+8	-3.483443066E-2	-9.951067461E-1
6.803638020E+8	-4.006871241E-2	-9.946760107E-1
6.813005290E+8	-4.579339255E-2	-9.945471349E-1
6.822372560E+8	-5.136584371E-2	-9.939948588E-1
6.831739830E+8	-5.703299825E-2	-9.936401956E-1
6.841107100E+8	-6.253916194E-2	-9.934721823E-1
6.850474370E+8	-6.814672343E-2	-9.930004721E-1
6.859841640E+8	-7.376991587E-2	-9.924853751E-1
6.869208910E+8	-7.928977289E-2	-9.919333261E-1
6.878576180E+8	-8.498564552E-2	-9.912950357E-1
6.887943450E+8	-9.066393077E-2	-9.907826486E-1
6.897310720E+8	-9.608151190E-2	-9.902135445E-1
6.906677990E+8	-1.018218438E-1	-9.895890484E-1
6.916045260E+8	-1.073395160E-1	-9.887123683E-1
6.925412530E+8	-1.129003433E-1	-9.879161952E-1
6.934779800E+8	-1.186200900E-1	-9.869801603E-1
6.944147070E+8	-1.240926480E-1	-9.863280650E-1
6.953514340E+8	-1.299118599E-1	-9.854086110E-1
6.962881610E+8	-1.354594700E-1	-9.847310929E-1
6.972248880E+8	-1.409932066E-1	-9.837442445E-1
6.981616150E+8	-1.466244694E-1	-9.827447243E-1
6.990983420E+8	-1.522234020E-1	-9.817527168E-1
7.000350690E+8	-1.579067869E-1	-9.806913382E-1
7.009717960E+8	-1.633869258E-1	-9.797385140E-1
7.019085230E+8	-1.690393519E-1	-9.784243271E-1
7.028452500E+8	-1.745021871E-1	-9.773719775E-1
7.037819770E+8	-1.800351925E-1	-9.761669186E-1
7.047187040E+8	-1.856071521E-1	-9.749641154E-1
7.056554310E+8	-1.911086081E-1	-9.738179607E-1
7.065921580E+8	-1.967475477E-1	-9.724718013E-1
7.075288850E+8	-2.023669007E-1	-9.713024841E-1
7.084656120E+8	-2.076696691E-1	-9.699613115E-1
7.094023390E+8	-2.132369825E-1	-9.686041600E-1
7.103390660E+8	-2.188758299E-1	-9.671224372E-1
7.112757930E+8	-2.241753561E-1	-9.657869122E-1
7.122125200E+8	-2.297310422E-1	-9.642679494E-1
7.131492470E+8	-2.352161195E-1	-9.627198433E-1
7.140859740E+8	-2.408536237E-1	-9.611898278E-1
7.150227010E+8	-2.462103677E-1	-9.596324207E-1
7.159594280E+8	-2.517911390E-1	-9.582107575E-1
7.168961550E+8	-2.572858263E-1	-9.566523646E-1
7.178328820E+8	-2.628036016E-1	-9.550387827E-1
7.187696090E+8	-2.681219393E-1	-9.533393375E-1
7.197063360E+8	-2.736688220E-1	-9.515413209E-1
7.206430630E+8	-2.791863969E-1	-9.498604478E-1
7.215797900E+8	-2.847192845E-1	-9.481494484E-1
7.225165170E+8	-2.899578013E-1	-9.464873988E-1
7.234532440E+8	-2.954102355E-1	-9.445005229E-1
7.243899710E+8	-3.008858190E-1	-9.427564122E-1
7.253266980E+8	-3.063562045E-1	-9.410396568E-1
7.262634250E+8	-3.116360276E-1	-9.391543528E-1
7.272001520E+8	-3.172930996E-1	-9.374048989E-1
7.281368790E+8	-3.225756513E-1	-9.353584891E-1
7.290736060E+8	-3.281667569E-1	-9.336458243E-1
7.300103330E+8	-3.336817039E-1	-9.316478882E-1
7.309470600E+8	-3.390925424E-1	-9.296831587E-1
7.318837870E+8	-3.444044433E-1	-9.277165990E-1
7.328205140E+8	-3.498321198E-1	-9.259268955E-1
7.337572410E+8	-3.550466432E-1	-9.239122420E-1
7.346939680E+8	-3.605715530E-1	-9.218847311E-1
7.356306950E+8	-3.659230729E-1	-9.197617300E-1
7.365674220E+8	-3.714057784E-1	-9.178482129E-1
7.375041490E+8	-3.765780306E-1	-9.158405535E-1
7.384408760E+8	-3.820121086E-1	-9.136625936E-1
7.393776030E+8	-3.872494996E-1	-9.115183851E-1
7.403143300E+8	-3.926523435E-1	-9.095803043E-1
7.412510570E+8	-3.979026442E-1	-9.075050505E-1
7.421877840E+8	-4.031832638E-1	-9.053429930E-1
7.431245110E+8	-4.083830297E-1	-9.032315771E-1
7.440612380E+8	-4.133993814E-1	-9.010881141E-1
7.449979650E+8	-4.185589453E-1	-8.986711327E-1
7.459346920E+8	-4.238068902E-1	-8.966363322E-1
7.468714190E+8	-4.287694523E-1	-8.942120054E-1
7.478081460E+8	-4.340846790E-1	-8.921722731E-1
7.487448730E+8	-4.390237283E-1	-8.899844156E-1
7.496816000E+8	-4.439467656E-1	-8.876132109E-1
7.506183270E+8	-4.487391944E-1	-8.854098742E-1
7.515550540E+8	-4.536093967E-1	-8.831415818E-1
7.524917810E+8	-4.585976074E-1	-8.806929378E-1
7.534285080E+8	-4.635665099E-1	-8.781760525E-1
7.543652350E+8	-4.682593416E-1	-8.759407925E-1
7.553019620E+8	-4.730624399E-1	-8.735748621E-1
7.562386890E+8	-4.777926363E-1	-8.710962802E-1
7.571754160E+8	-4.827122117E-1	-8.686155580E-1
7.581121430E+8	-4.874107048E-1	-8.660415288E-1
7.590488700E+8	-4.919799655E-1	-8.635093917E-1
7.599855970E+8	-4.968794580E-1	-8.609620188E-1
7.609223240E+8	-5.015219435E-1	-8.583489340E-1
7.618590510E+8	-5.061336931E-1	-8.556888101E-1
7.627957780E+8	-5.108321250E-1	-8.531011641E-1
7.637325050E+8	-5.153596525E-1	-8.502920492E-1
7.646692320E+8	-5.201846314E-1	-8.475310366E-1
7.656059590E+8	-5.246098062E-1	-8.446920246E-1
7.665426860E+8	-5.292375628E-1	-8.417117531E-1
7.674794130E+8	-5.338511593E-1	-8.389038854E-1
7.684161400E+8	-5.382832789E-1	-8.360797018E-1
7.693528670E+8	-5.428769541E-1	-8.330332841E-1
7.702895940E+8	-5.474017184E-1	-8.299695161E-1
7.712263210E+8	-5.519659392E-1	-8.269939518E-1
7.721630480E+8	-5.563373423E-1	-8.238043818E-1
7.730997750E+8	-5.609007945E-1	-8.207429563E-1
7.740365020E+8	-5.653371388E-1	-8.175877153E-1
7.749732290E+8	-5.698071659E-1	-8.144440398E-1
7.759099560E+8	-5.741866290E-1	-8.111938157E-1
7.768466830E+8	-5.783709433E-1	-8.079456252E-1
7.777834100E+8	-5.827353941E-1	-8.048232652E-1
7.787201370E+8	-5.871149575E-1	-8.013514488E-1
7.796568640E+8	-5.915370717E-1	-7.980970473E-1
7.805935910E+8	-5.959563411E-1	-7.948406996E-1
7.815303180E+8	-6.001673311E-1	-7.915885519E-1
7.824670450E+8	-6.042174819E-1	-7.881794111E-1
7.834037720E+8	-6.085785241E-1	-7.848055990E-1
7.843404990E+8	-6.126208941E-1	-7.811994610E-1
7.852772260E+8	-6.169578841E-1	-7.779435495E-1
7.862139530E+8	-6.211656930E-1	-7.744570513E-1
7.871506800E+8	-6.250185095E-1	-7.710404187E-1
7.880874070E+8	-6.293683255E-1	-7.674188693E-1
7.890241340E+8	-6.332924849E-1	-7.639200740E-1
7.899608610E+8	-6.375240693E-1	-7.604084672E-1
7.908975880E+8	-6.415658662E-1	-7.566954923E-1
7.918343150E+8	-6.455946753E-1	-7.529874848E-1
7.927710420E+8	-6.495114248E-1	-7.494252783E-1
7.937077690E+8	-6.536577430E-1	-7.457550436E-1
7.946444960E+8	-6.574148055E-1	-7.421474024E-1
7.955812230E+8	-6.614186625E-1	-7.384030115E-1
7.965179500E+8	-6.654387056E-1	-7.347925948E-1
7.974546770E+8	-6.693785559E-1	-7.308730505E-1
7.983914040E+8	-6.733740507E-1	-7.271680115E-1
7.993281310E+8	-6.770583512E-1	-7.233439327E-1
8.002648580E+8	-6.806795291E-1	-7.197091901E-1
8.012015850E+8	-6.846928063E-1	-7.157447757E-1
8.021383120E+8	-6.884448175E-1	-7.119565828E-1
8.030750390E+8	-6.923021446E-1	-7.081293176E-1
8.040117660E+8	-6.960720019E-1	-7.041295151E-1
8.049484930E+8	-6.997940283E-1	-7.003625983E-1
8.058852200E+8	-7.036481287E-1	-6.965940455E-1
8.068219470E+8	-7.073350637E-1	-6.926405856E-1
8.077586740E+8	-7.110738769E-1	-6.887573178E-1
8.086954010E+8	-7.148831949E-1	-6.848265081E-1
8.096321280E+8	-7.185403784E-1	-6.808583955E-1
8.105688550E+8	-7.222889389E-1	-6.767206869E-1
8.115055820E+8	-7.260702835E-1	-6.727201633E-1
8.124423090E+8	-7.295959809E-1	-6.686445231E-1
8.133790360E+8	-7.332016219E-1	-6.646112381E-1
8.143157630E+8	-7.369151614E-1	-6.606581658E-1
8.152524900E+8	-7.404096500E-1	-6.564600484E-1
8.161892170E+8	-7.439918492E-1	-6.524193778E-1
8.171259440E+8	-7.477032082E-1	-6.483508460E-1
8.180626710E+8	-7.510640199E-1	-6.441463954E-1
8.189993980E+8	-7.545956951E-1	-6.399904772E-1
8.199361250E+8	-7.582330341E-1	-6.358968428E-1
8.208728520E+8	-7.615103323E-1	-6.316913348E-1
8.218095790E+8	-7.650586426E-1	-6.276231724E-1
8.227463060E+8	-7.683756977E-1	-6.233991533E-1
8.236830330E+8	-7.716728426E-1	-6.189166273E-1
8.246197600E+8	-7.751858796E-1	-6.148101698E-1
8.255564870E+8	-7.784324867E-1	-6.106099760E-1
8.264932140E+8	-7.817079144E-1	-6.063150342E-1
8.274299410E+8	-7.850156819E-1	-6.021615189E-1
8.283666680E+8	-7.882226741E-1	-5.978021897E-1
8.293033950E+8	-7.912979055E-1	-5.936087407E-1
8.302401220E+8	-7.945371226E-1	-5.892305892E-1
8.311768490E+8	-7.976505627E-1	-5.849798620E-1
8.321135760E+8	-8.007983892E-1	-5.805806446E-1
8.330503030E+8	-8.039154336E-1	-5.762918244E-1
8.339870300E+8	-8.068883912E-1	-5.720529420E-1
8.349237570E+8	-8.099185848E-1	-5.676896077E-1
8.358604840E+8	-8.130465785E-1	-5.631625753E-1
8.367972110E+8	-8.161892352E-1	-5.589172628E-1
8.377339380E+8	-8.190202125E-1	-5.544499132E-1
8.386706650E+8	-8.219840816E-1	-5.498962249E-1
8.396073920E+8	-8.251053133E-1	-5.455571938E-1
8.405441190E+8	-8.279172269E-1	-5.409157862E-1
8.414808460E+8	-8.306449945E-1	-5.365222037E-1
8.424175730E+8	-8.335639856E-1	-5.320702183E-1
8.433543000E+8	-8.364698843E-1	-5.275025259E-1
8.442910270E+8	-8.392410228E-1	-5.227775693E-1
8.452277540E+8	-8.419855038E-1	-5.182372842E-1
8.461644810E+8	-8.447320021E-1	-5.136461056E-1
8.471012080E+8	-8.473865230E-1	-5.091751111E-1
8.480379350E+8	-8.502937815E-1	-5.045546169E-1
8.489746620E+8	-8.527498945E-1	-4.996643833E-1
8.499113890E+8	-8.556576416E-1	-4.951489978E-1
8.508481160E+8	-8.582864689E-1	-4.902418220E-1
8.517848430E+8	-8.608476930E-1	-4.856243238E-1
8.527215700E+8	-8.634236089E-1	-4.810972886E-1
8.536582970E+8	-8.659012904E-1	-4.761636232E-1
8.545950240E+8	-8.683855485E-1	-4.714563610E-1
8.555317510E+8	-8.710934878E-1	-4.666084927E-1
8.564684780E+8	-8.735131236E-1	-4.619047552E-1
8.574052050E+8	-8.759437597E-1	-4.570344388E-1
8.583419320E+8	-8.784641953E-1	-4.524175203E-1
8.592786590E+8	-8.808055559E-1	-4.475516178E-1
8.602153860E+8	-8.831813183E-1	-4.428589500E-1
8.611521130E+8	-8.855205377E-1	-4.378124412E-1
8.620888400E+8	-8.880049911E-1	-4.330374334E-1
8.630255670E+8	-8.901450664E-1	-4.282498843E-1
8.639622940E+8	-8.924600440E-1	-4.234822496E-1
8.648990210E+8	-8.947270616E-1	-4.186549893E-1
8.658357480E+8	-8.969504546E-1	-4.137048745E-1
8.667724750E+8	-8.992019377E-1	-4.088642375E-1
8.677092020E+8	-9.013561224E-1	-4.039272962E-1
8.686459290E+8	-9.034348240E-1	-3.989985428E-1
8.695826560E+8	-9.054807074E-1	-3.942010148E-1
8.705193830E+8	-9.075426918E-1	-3.893118476E-1
8.714561100E+8	-9.095967808E-1	-3.843324127E-1
8.723928370E+8	-9.115258001E-1	-3.795437146E-1
8.733295640E+8	-9.134977040E-1	-3.747169525E-1
8.742662910E+8	-9.154970654E-1	-3.698213183E-1
8.752030180E+8	-9.174063553E-1	-3.649154672E-1
8.761397450E+8	-9.192296731E-1	-3.600169511E-1
8.770764720E+8	-9.212202990E-1	-3.551077577E-1
8.780131990E+8	-9.230141475E-1	-3.502835551E-1
8.789499260E+8	-9.248905821E-1	-3.453087138E-1
8.798866530E+8	-9.266357905E-1	-3.404247074E-1
8.808233800E+8	-9.285068149E-1	-3.355562506E-1
8.817601070E+8	-9.303652393E-1	-3.306163785E-1
8.826968340E+8	-9.322108547E-1	-3.256689555E-1
8.836335610E+8	-9.339169843E-1	-3.207925278E-1
8.845702880E+8	-9.355885539E-1	-3.159325688E-1
8.855070150E+8	-9.372361337E-1	-3.110305041E-1
8.864437420E+8	-9.389838331E-1	-3.060133868E-1
8.873804690E+8	-9.407004429E-1	-3.009851660E-1
8.883171960E+8	-9.422371641E-1	-2.961230307E-1
8.892539230E+8	-9.438847166E-1	-2.911676556E-1
8.901906500E+8	-9.454916725E-1	-2.861927845E-1
8.911273770E+8	-9.469945366E-1	-2.810756171E-1
8.920641040E+8	-9.484325633E-1	-2.761596981E-1
8.930008310E+8	-9.500552054E-1	-2.710455756E-1
8.939375580E+8	-9.514108280E-1	-2.662797238E-1
8.948742850E+8	-9.528034833E-1	-2.613840242E-1
8.958110120E+8	-9.542154068E-1	-2.561442138E-1
8.967477390E+8	-9.556597820E-1	-2.511755076E-1
8.976844660E+8	-9.567817632E-1	-2.460942045E-1
8.986211930E+8	-9.580882288E-1	-2.411699076E-1
8.995579200E+8	-9.594053869E-1	-2.361097126E-1
9.004946470E+8	-9.604868732E-1	-2.310472096E-1
9.014313740E+8	-9.616464002E-1	-2.259730204E-1
9.023681010E+8	-9.628623948E-1	-2.208802160E-1
9.033048280E+8	-9.640817694E-1	-2.158080644E-1
9.042415550E+8	-9.651517917E-1	-2.107340257E-1
9.051782820E+8	-9.660812691E-1	-2.055512760E-1
9.061150090E+8	-9.673182806E-1	-2.004926876E-1
9.070517360E+8	-9.681867880E-1	-1.953386820E-1
9.079884630E+8	-9.692537943E-1	-1.904149383E-1
9.089251900E+8	-9.702965038E-1	-1.852923547E-1
9.098619170E+8	-9.711266869E-1	-1.801510432E-1
9.107986440E+8	-9.720091683E-1	-1.750646819E-1
9.117353710E+8	-9.727229818E-1	-1.698985890E-1
9.126720980E+8	-9.737752384E-1	-1.649177796E-1
9.136088250E+8	-9.745980770E-1	-1.597346765E-1
9.145455520E+8	-9.752989621E-1	-1.545559381E-1
9.154822790E+8	-9.761644180E-1	-1.494801443E-1
9.164190060E+8	-9.768058770E-1	-1.444812062E-1
9.173557330E+8	-9.775140117E-1	-1.392654269E-1
9.182924600E+8	-9.784309828E-1	-1.341670508E-1
9.192291870E+8	-9.789908583E-1	-1.290545089E-1
9.201659140E+8	-9.795948930E-1	-1.238130010E-1
9.211026410E+8	-9.801947375E-1	-1.185318454E-1
9.220393680E+8	-9.807234479E-1	-1.134582063E-1
9.229760950E+8	-9.812413748E-1	-1.083428714E-1
9.239128220E+8	-9.817562147E-1	-1.031952967E-1
9.248495490E+8	-9.822174087E-1	-9.805364762E-2
9.257862760E+8	-9.827572566E-1	-9.287497036E-2
9.267230030E+8	-9.832179042E-1	-8.767356127E-2
9.276597300E+8	-9.835471118E-1	-8.255209883E-2
9.285964570E+8	-9.838865467E-1	-7.734525876E-2
9.295331840E+8	-9.842491463E-1	-7.221274513E-2
9.304699110E+8	-9.845522629E-1	-6.699043514E-2
9.314066380E+8	-9.848080185E-1	-6.192188149E-2
9.323433650E+8	-9.850065143E-1	-5.660200416E-2
9.332800920E+8	-9.853212195E-1	-5.139264814E-2
9.342168190E+8	-9.855430989E-1	-4.620659440E-2
9.351535460E+8	-9.856431116E-1	-4.094180378E-2
9.360902730E+8	-9.858286248E-1	-3.578735951E-2
9.370270000E+8	-9.857582838E-1	-3.074156540E-2
9.379637270E+8	-9.858939341E-1	-2.548322565E-2
9.389004540E+8	-9.859106234E-1	-2.033585713E-2
9.398371810E+8	-9.858241231E-1	-1.504990427E-2
9.407739080E+8	-9.859688932E-1	-9.850465442E-3
9.417106350E+8	-9.859872664E-1	-4.727067818E-3
9.426473620E+8	-9.857842431E-1	3.902254779E-4
9.435840890E+8	-9.856023273E-1	5.619409224E-3
9.445208160E+8	-9.855193650E-1	1.074416415E-2
9.454575430E+8	-9.853892530E-1	1.579835040E-2
9.463942700E+8	-9.851105611E-1	2.111558920E-2
9.473309970E+8	-9.849032317E-1	2.613342940E-2
9.482677240E+8	-9.848349078E-1	3.135528959E-2
9.492044510E+8	-9.845048021E-1	3.655983595E-2
9.501411780E+8	-9.842946597E-1	4.155729852E-2
9.510779050E+8	-9.838442650E-1	4.676287292E-2
9.520146320E+8	-9.837472778E-1	5.179188542E-2
9.529513590E+8	-9.832632153E-1	5.703133922E-2
9.538880860E+8	-9.826769994E-1	6.208703645E-2
9.548248130E+8	-9.827944130E-1	6.728916948E-2
9.557615400E+8	-9.819872457E-1	7.217558692E-2
9.566982670E+8	-9.819383264E-1	7.736542144E-2
9.576349940E+8	-9.813062991E-1	8.255418622E-2
9.585717210E+8	-9.809976312E-1	8.768414670E-2
9.595084480E+8	-9.806119889E-1	9.272788685E-2
9.604451750E+8	-9.799945805E-1	9.778915250E-2
9.613819020E+8	-9.795455140E-1	1.027599012E-1
9.623186290E+8	-9.791138678E-1	1.077296190E-1
9.632553560E+8	-9.785224862E-1	1.128584648E-1
9.641920830E+8	-9.778614428E-1	1.181982267E-1
9.651288100E+8	-9.772767383E-1	1.231876094E-1
9.660655370E+8	-9.768332869E-1	1.281719365E-1
9.670022640E+8	-9.760952007E-1	1.332787675E-1
9.679389910E+8	-9.753475837E-1	1.383609468E-1
9.688757180E+8	-9.743648309E-1	1.433180058E-1
9.698124450E+8	-9.738756137E-1	1.484280886E-1
9.707491720E+8	-9.730353612E-1	1.534372118E-1
9.716858990E+8	-9.721842852E-1	1.586530234E-1
9.726226260E+8	-9.713211466E-1	1.635806063E-1
9.735593530E+8	-9.704544921E-1	1.685320984E-1
9.744960800E+8	-9.695894477E-1	1.735049318E-1
9.754328070E+8	-9.686923836E-1	1.786359151E-1
9.763695340E+8	-9.677946811E-1	1.836208238E-1
9.773062610E+8	-9.668086017E-1	1.885961947E-1
9.782429880E+8	-9.658234599E-1	1.935131116E-1
9.791797150E+8	-9.648010090E-1	1.985016994E-1
9.801164420E+8	-9.637471865E-1	2.034285103E-1
9.810531690E+8	-9.626777844E-1	2.084289172E-1
9.819898960E+8	-9.615905841E-1	2.133845335E-1
9.829266230E+8	-9.604243029E-1	2.183265122E-1
9.838633500E+8	-9.592993077E-1	2.232716111E-1
9.848000770E+8	-9.581214539E-1	2.282214763E-1
9.857368040E+8	-9.568631577E-1	2.331150003E-1
9.866735310E+8	-9.556980378E-1	2.380318811E-1
9.876102580E+8	-9.544451929E-1	2.429995434E-1
9.885469850E+8	-9.531170861E-1	2.478946932E-1
9.894837120E+8	-9.517722671E-1	2.527601655E-1
9.904204390E+8	-9.505067875E-1	2.576693791E-1
9.913571660E+8	-9.491607390E-1	2.626302867E-1
9.922938930E+8	-9.477408450E-1	2.674649148E-1
9.932306200E+8	-9.463757663E-1	2.722424965E-1
9.941673470E+8	-9.448329296E-1	2.771686229E-1
9.951040740E+8	-9.431826776E-1	2.819221864E-1
9.960408010E+8	-9.420352419E-1	2.868558929E-1
9.969775280E+8	-9.404121516E-1	2.916422049E-1
9.979142550E+8	-9.388513182E-1	2.964003563E-1
9.988509820E+8	-9.373865955E-1	3.012722199E-1
9.997877090E+8	-9.358341515E-1	3.060653545E-1
1.000724436E+9	-9.342205654E-1	3.109364775E-1
1.001661163E+9	-9.325705610E-1	3.157832582E-1
1.002597890E+9	-9.308950104E-1	3.206133381E-1
1.003534617E+9	-9.291566068E-1	3.252827629E-1
1.004471344E+9	-9.275729466E-1	3.301857190E-1
1.005408071E+9	-9.255731507E-1	3.349794320E-1
1.006344798E+9	-9.239070425E-1	3.395415182E-1
1.007281525E+9	-9.221295877E-1	3.443815431E-1
1.008218252E+9	-9.202716828E-1	3.491026927E-1
1.009154979E+9	-9.183095908E-1	3.539038853E-1
1.010091706E+9	-9.166934480E-1	3.585712420E-1
1.011028433E+9	-9.147086324E-1	3.632961763E-1
1.011965160E+9	-9.126390509E-1	3.678842781E-1
1.012901887E+9	-9.108898573E-1	3.725699039E-1
1.013838614E+9	-9.088848170E-1	3.773366263E-1
1.014775341E+9	-9.068547383E-1	3.817658640E-1
1.015712068E+9	-9.048673163E-1	3.865439983E-1
1.016648795E+9	-9.027495266E-1	3.911975831E-1
1.017585522E+9	-9.006841093E-1	3.957316020E-1
1.018522249E+9	-8.985277052E-1	4.003532398E-1
1.019458976E+9	-8.964078909E-1	4.048670855E-1
1.020395703E+9	-8.941668135E-1	4.096475871E-1
1.021332430E+9	-8.922942925E-1	4.139951735E-1
1.022269157E+9	-8.900924429E-1	4.187996289E-1
1.023205884E+9	-8.879905402E-1	4.231930238E-1
1.024142611E+9	-8.856373218E-1	4.277154603E-1
1.025079338E+9	-8.834247432E-1	4.321381994E-1
1.026016065E+9	-8.813441148E-1	4.366150681E-1
1.026952792E+9	-8.789496983E-1	4.412130634E-1
1.027889519E+9	-8.767417453E-1	4.456294521E-1
1.028826246E+9	-8.743795635E-1	4.500935393E-1
1.029762973E+9	-8.719783593E-1	4.546263605E-1
1.030699700E+9	-8.697185545E-1	4.589252272E-1
1.031636427E+9	-8.673598001E-1	4.633521722E-1
1.032573154E+9	-8.649500706E-1	4.677937688E-1
1.033509881E+9	-8.625310145E-1	4.721876739E-1
1.034446608E+9	-8.601240227E-1	4.765057450E-1
1.035383335E+9	-8.576827280E-1	4.808866656E-1
1.036320062E+9	-8.552475971E-1	4.852177457E-1
1.037256789E+9	-8.527698227E-1	4.895475811E-1
1.038193516E+9	-8.502697902E-1	4.938855324E-1
1.039130243E+9	-8.477242160E-1	4.981484849E-1
1.040066970E+9	-8.452002437E-1	5.024328823E-1
1.041003697E+9	-8.426322597E-1	5.067024646E-1
1.041940424E+9	-8.399799196E-1	5.109961158E-1
1.042877151E+9	-8.374388036E-1	5.152409185E-1
1.043813878E+9	-8.348383252E-1	5.194609728E-1
1.044750605E+9	-8.321581319E-1	5.237212673E-1
1.045687332E+9	-8.294973974E-1	5.278789671E-1
1.046624059E+9	-8.267554960E-1	5.320727774E-1
1.047560786E+9	-8.240110441E-1	5.362735196E-1
1.048497513E+9	-8.212879638E-1	5.404909275E-1
1.049434240E+9	-8.185334554E-1	5.447218757E-1
1.050370967E+9	-8.157759773E-1	5.487295652E-1
1.051307694E+9	-8.130152697E-1	5.529324420E-1
1.052244421E+9	-8.101443492E-1	5.571260936E-1
1.053181148E+9	-8.072846145E-1	5.611509275E-1
1.054117875E+9	-8.043827081E-1	5.652661715E-1
1.055054602E+9	-8.015625219E-1	5.692975467E-1
1.055991329E+9	-7.987139275E-1	5.733568683E-1
1.056928056E+9	-7.958868915E-1	5.773911602E-1
1.057864783E+9	-7.926865507E-1	5.816817354E-1
1.058801510E+9	-7.897926413E-1	5.855815830E-1
1.059738237E+9	-7.868657037E-1	5.895681473E-1
1.060674964E+9	-7.834909281E-1	5.935190774E-1
1.061611691E+9	-7.808969480E-1	5.975284697E-1
1.062548418E+9	-7.778746378E-1	6.014407858E-1
1.063485145E+9	-7.747316822E-1	6.052548195E-1
1.064421872E+9	-7.715320987E-1	6.090217053E-1
1.065358599E+9	-7.686326047E-1	6.130682222E-1
1.066295326E+9	-7.653102950E-1	6.169912392E-1
1.067232053E+9	-7.622451164E-1	6.209691308E-1
1.068168780E+9	-7.590779957E-1	6.247261724E-1
1.069105507E+9	-7.557875108E-1	6.283514581E-1
1.070042234E+9	-7.528414594E-1	6.321975837E-1
1.070978961E+9	-7.495263700E-1	6.360939116E-1
1.071915688E+9	-7.462131203E-1	6.399242595E-1
1.072852415E+9	-7.430179806E-1	6.436863984E-1
1.073789142E+9	-7.396978539E-1	6.474468124E-1
1.074725869E+9	-7.363980398E-1	6.508550345E-1
1.075662596E+9	-7.332117227E-1	6.547227852E-1
1.076599323E+9	-7.298828565E-1	6.586165076E-1
1.077536050E+9	-7.264458051E-1	6.621124127E-1
1.078472777E+9	-7.230818381E-1	6.657306185E-1
1.079409504E+9	-7.197731012E-1	6.695605986E-1
1.080346231E+9	-7.161963011E-1	6.730602857E-1
1.081282958E+9	-7.128511915E-1	6.767179201E-1
1.082219685E+9	-7.093090811E-1	6.802249026E-1
1.083156412E+9	-7.058605555E-1	6.839320710E-1
1.084093139E+9	-7.024063656E-1	6.874671621E-1
1.085029866E+9	-6.988148290E-1	6.909409828E-1
1.085966593E+9	-6.953846216E-1	6.944137022E-1
1.086903320E+9	-6.918100948E-1	6.979262873E-1
1.087840047E+9	-6.882185782E-1	7.013577590E-1
1.088776774E+9	-6.846596231E-1	7.048354625E-1
1.089713501E+9	-6.810312346E-1	7.082533915E-1
1.090650228E+9	-6.773957788E-1	7.116595275E-1
1.091586955E+9	-6.738356214E-1	7.150086505E-1
1.092523682E+9	-6.701704944E-1	7.183859108E-1
1.093460409E+9	-6.665594080E-1	7.217413334E-1
1.094397136E+9	-6.628104161E-1	7.250130499E-1
1.095333863E+9	-6.591754485E-1	7.283237126E-1
1.096270590E+9	-6.554827717E-1	7.316957098E-1
1.097207317E+9	-6.517867793E-1	7.348516032E-1
1.098144044E+9	-6.480129465E-1	7.381832490E-1
1.099080771E+9	-6.442531066E-1	7.413850526E-1
1.100017498E+9	-6.404967003E-1	7.445638982E-1
1.100954225E+9	-6.367398754E-1	7.477324940E-1
1.101890952E+9	-6.330095088E-1	7.509057323E-1
1.102827679E+9	-6.292169621E-1	7.539538261E-1
1.103764406E+9	-6.255922104E-1	7.573225576E-1
1.104701133E+9	-6.214871955E-1	7.604655406E-1
1.105637860E+9	-6.176692916E-1	7.633853743E-1
1.106574587E+9	-6.140774775E-1	7.664499078E-1
1.107511314E+9	-6.099797934E-1	7.695125633E-1
1.108448041E+9	-6.061829007E-1	7.726533764E-1
1.109384768E+9	-6.019079790E-1	7.756329544E-1
1.110321495E+9	-5.982643706E-1	7.785481020E-1
1.111258222E+9	-5.943695087E-1	7.815836651E-1
1.112194949E+9	-5.904629080E-1	7.847649599E-1
1.113131676E+9	-5.865762865E-1	7.875159134E-1
1.114068403E+9	-5.825486568E-1	7.904343261E-1
1.115005130E+9	-5.786577716E-1	7.933783419E-1
1.115941857E+9	-5.746397180E-1	7.962211543E-1
1.116878584E+9	-5.705270295E-1	7.992341717E-1
1.117815311E+9	-5.665001206E-1	8.021285973E-1
1.118752038E+9	-5.623882852E-1	8.048112642E-1
1.119688765E+9	-5.586069710E-1	8.075071036E-1
1.120625492E+9	-5.544199181E-1	8.102169818E-1
1.121562219E+9	-5.502362590E-1	8.128178727E-1
1.122498946E+9	-5.462149713E-1	8.159421749E-1
1.123435673E+9	-5.422228619E-1	8.187328204E-1
1.124372400E+9	-5.381741945E-1	8.212030283E-1
1.125309127E+9	-5.339763369E-1	8.241268490E-1
1.126245854E+9	-5.298818746E-1	8.265930597E-1
1.127182581E+9	-5.256008603E-1	8.292567620E-1
1.128119308E+9	-5.214243331E-1	8.318805245E-1
1.129056035E+9	-5.172429355E-1	8.344234602E-1
1.129992762E+9	-5.131204553E-1	8.372317719E-1
1.130929489E+9	-5.088496699E-1	8.396562057E-1
1.131866216E+9	-5.045625981E-1	8.422356212E-1
1.132802943E+9	-5.003024699E-1	8.446445771E-1
1.133739670E+9	-4.960923315E-1	8.471890885E-1
1.134676397E+9	-4.918263251E-1	8.495500101E-1
1.135613124E+9	-4.876496342E-1	8.519590274E-1
1.136549851E+9	-4.832306341E-1	8.544320572E-1
1.137486578E+9	-4.790264869E-1	8.568952061E-1
1.138423305E+9	-4.747108992E-1	8.593546221E-1
1.139360032E+9	-4.703494117E-1	8.616714488E-1
1.140296759E+9	-4.659463878E-1	8.639660395E-1
1.141233486E+9	-4.616656217E-1	8.663145496E-1
1.142170213E+9	-4.572932155E-1	8.686436371E-1
1.143106940E+9	-4.530730221E-1	8.708355222E-1
1.144043667E+9	-4.486712914E-1	8.731200247E-1
1.144980394E+9	-4.442741500E-1	8.753832723E-1
1.145917121E+9	-4.398472923E-1	8.776479287E-1
1.146853848E+9	-4.354312427E-1	8.797878548E-1
1.147790575E+9	-4.310747215E-1	8.818792629E-1
1.148727302E+9	-4.266534049E-1	8.841748451E-1
1.149664029E+9	-4.221405521E-1	8.862888351E-1
1.150600756E+9	-4.177388767E-1	8.884273093E-1
1.151537483E+9	-4.132510507E-1	8.905333687E-1
1.152474210E+9	-4.087894168E-1	8.925056850E-1
1.153410937E+9	-4.043957722E-1	8.946033775E-1
1.154347664E+9	-3.999070269E-1	8.965596997E-1
1.155284391E+9	-3.953829079E-1	8.985710146E-1
1.156221118E+9	-3.908379343E-1	9.006097225E-1
1.157157845E+9	-3.864430807E-1	9.023581690E-1
1.158094572E+9	-3.820013308E-1	9.044644347E-1
1.159031299E+9	-3.773297275E-1	9.064204119E-1
1.159968026E+9	-3.727919840E-1	9.083287384E-1
1.160904753E+9	-3.680683887E-1	9.100146323E-1
1.161841480E+9	-3.636093374E-1	9.118876895E-1
1.162778207E+9	-3.590359839E-1	9.137676683E-1
1.163714934E+9	-3.545422520E-1	9.155481998E-1
1.164651661E+9	-3.498718240E-1	9.173963890E-1
1.165588388E+9	-3.454175229E-1	9.190109417E-1
1.166525115E+9	-3.406648076E-1	9.207380354E-1
1.167461842E+9	-3.362093549E-1	9.223711580E-1
1.168398569E+9	-3.316383634E-1	9.240900968E-1
1.169335296E+9	-3.270600245E-1	9.255304846E-1
1.170272023E+9	-3.224432732E-1	9.273274931E-1
1.171208750E+9	-3.176037980E-1	9.288913758E-1
1.172145477E+9	-3.131883289E-1	9.301971284E-1
1.173082204E+9	-3.083593187E-1	9.320116120E-1
1.174018931E+9	-3.037831728E-1	9.334613623E-1
1.174955658E+9	-2.990742006E-1	9.350050201E-1
1.175892385E+9	-2.945197655E-1	9.364398971E-1
1.176829112E+9	-2.899326097E-1	9.380401873E-1
1.177765839E+9	-2.850648032E-1	9.392624557E-1
1.178702566E+9	-2.804567346E-1	9.405147181E-1
1.179639293E+9	-2.756661213E-1	9.421202091E-1
1.180576020E+9	-2.712179454E-1	9.434580147E-1
1.181512747E+9	-2.665291604E-1	9.447157370E-1
1.182449474E+9	-2.618785294E-1	9.461963420E-1
1.183386201E+9	-2.570918600E-1	9.472878119E-1
1.184322928E+9	-2.523152904E-1	9.485486029E-1
1.185259655E+9	-2.477226828E-1	9.498253009E-1
1.186196382E+9	-2.429938811E-1	9.511074707E-1
1.187133109E+9	-2.382512572E-1	9.522750214E-1
1.188069836E+9	-2.334586801E-1	9.534028871E-1
1.189006563E+9	-2.289064517E-1	9.545146725E-1
1.189943290E+9	-2.241391582E-1	9.556079734E-1
1.190880017E+9	-2.193436083E-1	9.567241586E-1
1.191816744E+9	-2.146784838E-1	9.578696608E-1
1.192753471E+9	-2.100431064E-1	9.588737716E-1
1.193690198E+9	-2.052456008E-1	9.599359688E-1
1.194626925E+9	-2.004453122E-1	9.608980609E-1
1.195563652E+9	-1.956405251E-1	9.617769172E-1
1.196500379E+9	-1.909668301E-1	9.627076445E-1
1.197437106E+9	-1.861794677E-1	9.637383228E-1
1.198373833E+9	-1.815233052E-1	9.645607716E-1
1.199310560E+9	-1.766323129E-1	9.655149573E-1
1.200247287E+9	-1.718527785E-1	9.663328845E-1
1.201184014E+9	-1.669581687E-1	9.671076077E-1
1.202120741E+9	-1.622800089E-1	9.678833188E-1
1.203057468E+9	-1.574691805E-1	9.686174233E-1
1.203994195E+9	-1.526743967E-1	9.694733169E-1
1.204930922E+9	-1.477875447E-1	9.701710857E-1
1.205867649E+9	-1.430613893E-1	9.709318248E-1
1.206804376E+9	-1.382241008E-1	9.716560309E-1
1.207741103E+9	-1.333022074E-1	9.721666522E-1
1.208677830E+9	-1.285401202E-1	9.729548857E-1
1.209614557E+9	-1.237095739E-1	9.734842244E-1
1.210551284E+9	-1.189088604E-1	9.740331224E-1
1.211488011E+9	-1.140954479E-1	9.745505162E-1
1.212424738E+9	-1.092066615E-1	9.750073454E-1
1.213361465E+9	-1.045636600E-1	9.756457650E-1
1.214298192E+9	-9.951565911E-2	9.761839784E-1
1.215234919E+9	-9.472593610E-2	9.766935208E-1
1.216171646E+9	-8.993668249E-2	9.770916285E-1
1.217108373E+9	-8.510190628E-2	9.775820218E-1
1.218045100E+9	-8.016857721E-2	9.779029532E-1
1.218981827E+9	-7.534800639E-2	9.782786752E-1
1.219918554E+9	-7.059852153E-2	9.787823416E-1
1.220855281E+9	-6.574382927E-2	9.789933590E-1
1.221792008E+9	-6.093000885E-2	9.793908245E-1
1.222728735E+9	-5.578795835E-2	9.794424353E-1
1.223665462E+9	-5.111828217E-2	9.798097088E-1
1.224602189E+9	-4.627105366E-2	9.800303342E-1
1.225538916E+9	-4.135825767E-2	9.803858349E-1
1.226475643E+9	-3.657450206E-2	9.806871467E-1
1.227412370E+9	-3.179700052E-2	9.806313636E-1
1.228349097E+9	-2.688970620E-2	9.808065307E-1
1.229285824E+9	-2.205546707E-2	9.810004107E-1
1.230222551E+9	-1.716681943E-2	9.810549119E-1
1.231159278E+9	-1.219525453E-2	9.811720653E-1
1.232096005E+9	-7.433515762E-3	9.811938587E-1
1.233032732E+9	-2.469687986E-3	9.812748366E-1
1.233969459E+9	2.153442171E-3	9.810892568E-1
1.234906186E+9	7.280495191E-3	9.811646658E-1
1.235842913E+9	1.194803250E-2	9.811079151E-1
1.236779640E+9	1.686788057E-2	9.811394912E-1
1.237716367E+9	2.189644345E-2	9.809689715E-1
1.238653094E+9	2.656674120E-2	9.810767130E-1
1.239589821E+9	3.137311851E-2	9.807463932E-1
1.240526548E+9	3.629614847E-2	9.805596939E-1
1.241463275E+9	4.129334212E-2	9.804304476E-1
1.242400002E+9	4.607941774E-2	9.801635167E-1
1.243336729E+9	5.085799316E-2	9.800227525E-1
1.244273456E+9	5.569345791E-2	9.797177891E-1
1.245210183E+9	6.061801732E-2	9.794226469E-1
1.246146910E+9	6.542850078E-2	9.790663401E-1
1.247083637E+9	7.031250253E-2	9.786850799E-1
1.248020364E+9	7.512021290E-2	9.783520028E-1
1.248957091E+9	7.992286137E-2	9.780724289E-1
1.249893818E+9	8.475479941E-2	9.775764250E-1
1.250830545E+9	8.959976532E-2	9.772925309E-1
1.251767272E+9	9.446232990E-2	9.766747834E-1
1.252703999E+9	9.928895044E-2	9.762699405E-1
1.253640726E+9	1.041365113E-1	9.757962337E-1
1.254577453E+9	1.090707728E-1	9.752510358E-1
1.255514180E+9	1.137266278E-1	9.746124968E-1
1.256450907E+9	1.186458416E-1	9.740465650E-1
1.257387634E+9	1.234013149E-1	9.735283934E-1
1.258324361E+9	1.281278712E-1	9.730082023E-1
1.259261088E+9	1.331220206E-1	9.721782746E-1
1.260197815E+9	1.379493029E-1	9.715870249E-1
1.261134542E+9	1.427868722E-1	9.708945705E-1
1.262071269E+9	1.475420705E-1	9.703041839E-1
1.263007996E+9	1.522071196E-1	9.695031820E-1
1.263944723E+9	1.571070629E-1	9.688075239E-1
1.264881450E+9	1.619266135E-1	9.680343552E-1
1.265818177E+9	1.666006127E-1	9.671978759E-1
1.266754904E+9	1.713622334E-1	9.663153112E-1
1.267691631E+9	1.761713168E-1	9.654518819E-1
1.268628358E+9	1.808732421E-1	9.645497571E-1
1.269565085E+9	1.856677082E-1	9.636845407E-1
1.270501812E+9	1.904036967E-1	9.627757766E-1
1.271438539E+9	1.952059318E-1	9.618963154E-1
1.272375266E+9	1.999305174E-1	9.609754481E-1
1.273311993E+9	2.045970453E-1	9.597821649E-1
1.274248720E+9	2.094244727E-1	9.589123269E-1
1.275185447E+9	2.141054557E-1	9.578064024E-1
1.276122174E+9	2.190115212E-1	9.568985611E-1
1.277058901E+9	2.235137594E-1	9.557655680E-1
1.277995628E+9	2.282929617E-1	9.545753435E-1
1.278932355E+9	2.327453986E-1	9.535311641E-1
1.279869082E+9	2.376665906E-1	9.523194463E-1
1.280805809E+9	2.423455337E-1	9.510662351E-1
1.281742536E+9	2.471277012E-1	9.499951182E-1
1.282679263E+9	2.516044714E-1	9.487948479E-1
1.283615990E+9	2.563692784E-1	9.475853440E-1
1.284552717E+9	2.611597154E-1	9.462593154E-1
1.285489444E+9	2.656058852E-1	9.449284230E-1
1.286426171E+9	2.704915833E-1	9.435870578E-1
1.287362898E+9	2.749548368E-1	9.423765803E-1
1.288299625E+9	2.795541489E-1	9.409684577E-1
1.289236352E+9	2.842695241E-1	9.397345297E-1
1.290173079E+9	2.888845649E-1	9.381715614E-1
1.291109806E+9	2.934648786E-1	9.368236006E-1
1.292046533E+9	2.980689808E-1	9.352068445E-1
1.292983260E+9	3.026135872E-1	9.339508202E-1
1.293919987E+9	3.073041646E-1	9.323804534E-1
1.294856714E+9	3.117505339E-1	9.308713751E-1
1.295793441E+9	3.165538374E-1	9.295110453E-1
1.296730168E+9	3.209509798E-1	9.277843027E-1
1.297666895E+9	3.255074156E-1	9.260324246E-1
1.298603622E+9	3.301413072E-1	9.243726072E-1
1.299540349E+9	3.345544698E-1	9.227847681E-1
1.300477076E+9	3.391951051E-1	9.210871001E-1
1.301413803E+9	3.437188900E-1	9.196146848E-1
1.302350530E+9	3.482736973E-1	9.178361029E-1
1.303287257E+9	3.527050983E-1	9.161305539E-1
1.304223984E+9	3.571481319E-1	9.142638125E-1
1.305160711E+9	3.616018459E-1	9.125488292E-1
1.306097438E+9	3.662211402E-1	9.107682674E-1
1.307034165E+9	3.705458055E-1	9.089671992E-1
1.307970892E+9	3.751078653E-1	9.070648440E-1
1.308907619E+9	3.795579432E-1	9.053082046E-1
1.309844346E+9	3.839850253E-1	9.034098808E-1
1.310781073E+9	3.883725579E-1	9.014703731E-1
1.311717800E+9	3.928621070E-1	8.995236700E-1
1.312654527E+9	3.973516230E-1	8.976336203E-1
1.313591254E+9	4.015452525E-1	8.955634377E-1
1.314527981E+9	4.060411077E-1	8.936173316E-1
1.315464708E+9	4.105211606E-1	8.917781749E-1
1.316401435E+9	4.147993907E-1	8.896027190E-1
1.317338162E+9	4.191464958E-1	8.877023993E-1
1.318274889E+9	4.236736321E-1	8.855093906E-1
1.319211616E+9	4.279290984E-1	8.833954483E-1
1.320148343E+9	4.321695620E-1	8.812596671E-1
1.321085070E+9	4.365890914E-1	8.790848676E-1
1.322021797E+9	4.408647714E-1	8.770568919E-1
1.322958524E+9	4.451942076E-1	8.749651980E-1
1.323895251E+9	4.495118045E-1	8.726451669E-1
1.324831978E+9	4.536364220E-1	8.703113259E-1
1.325768705E+9	4.579910007E-1	8.679826843E-1
1.326705432E+9	4.623266358E-1	8.658636850E-1
1.327642159E+9	4.665887614E-1	8.636376991E-1
1.328578886E+9	4.707635656E-1	8.611936114E-1
1.329515613E+9	4.749481063E-1	8.589010902E-1
1.330452340E+9	4.791691750E-1	8.566419973E-1
1.331389067E+9	4.835137718E-1	8.541635430E-1
1.332325794E+9	4.876173632E-1	8.517686699E-1
1.333262521E+9	4.917884636E-1	8.493214358E-1
1.334199248E+9	4.959141077E-1	8.469426783E-1
1.335135975E+9	5.001195259E-1	8.445088042E-1
1.336072702E+9	5.042287959E-1	8.418934351E-1
1.337009429E+9	5.084231913E-1	8.394303477E-1
1.337946156E+9	5.125947814E-1	8.369139012E-1
1.338882883E+9	5.167032769E-1	8.346062682E-1
1.339819610E+9	5.208324696E-1	8.320964843E-1
1.340756337E+9	5.248554387E-1	8.295205166E-1
1.341693064E+9	5.290129629E-1	8.266563726E-1
1.342629791E+9	5.330967480E-1	8.240410163E-1
1.343566518E+9	5.371242867E-1	8.213187404E-1
1.344503245E+9	5.411296092E-1	8.187753965E-1
1.345439972E+9	5.451170782E-1	8.162452991E-1
1.346376699E+9	5.491829166E-1	8.134839639E-1
1.347313426E+9	5.532344748E-1	8.107775809E-1
1.348250153E+9	5.572321307E-1	8.079986693E-1
1.349186880E+9	5.611869757E-1	8.051226755E-1
1.350123607E+9	5.651355147E-1	8.023738647E-1
1.351060334E+9	5.692542087E-1	7.997868286E-1
1.351997061E+9	5.732891503E-1	7.969226104E-1
1.352933788E+9	5.770356401E-1	7.941977944E-1
1.353870515E+9	5.809669966E-1	7.912077499E-1
1.354807242E+9	5.848377623E-1	7.884049669E-1
1.355743969E+9	5.888407778E-1	7.855414514E-1
1.356680696E+9	5.926522806E-1	7.827634333E-1
1.357617423E+9	5.965497127E-1	7.797099434E-1
1.358554150E+9	6.003662550E-1	7.767280641E-1
1.359490877E+9	6.041999658E-1	7.738163580E-1
1.360427604E+9	6.079975490E-1	7.709412710E-1
1.361364331E+9	6.118051055E-1	7.679098853E-1
1.362301058E+9	6.156181542E-1	7.649833219E-1
1.363237785E+9	6.194354064E-1	7.618409141E-1
1.364174512E+9	6.230475081E-1	7.588144304E-1
1.365111239E+9	6.268983563E-1	7.559289655E-1
1.366047966E+9	6.306292510E-1	7.527793142E-1
1.366984693E+9	6.342602203E-1	7.497664424E-1
1.367921420E+9	6.379591427E-1	7.467790466E-1
1.368858147E+9	6.415509286E-1	7.435259269E-1
1.369794874E+9	6.453196073E-1	7.403899079E-1
1.370731601E+9	6.489664488E-1	7.371755810E-1
1.371668328E+9	6.525769323E-1	7.340433494E-1
1.372605055E+9	6.562645009E-1	7.309041009E-1
1.373541782E+9	6.597367399E-1	7.276466449E-1
1.374478509E+9	6.632216036E-1	7.245583108E-1
1.375415236E+9	6.668785149E-1	7.211032207E-1
1.376351963E+9	6.704083952E-1	7.178830668E-1
1.377288690E+9	6.738882018E-1	7.146315331E-1
1.378225417E+9	6.772924341E-1	7.112793791E-1
1.379162144E+9	6.807731596E-1	7.081429130E-1
1.380098871E+9	6.843745104E-1	7.047200359E-1
1.381035598E+9	6.877746668E-1	7.011996573E-1
1.381972325E+9	6.912201868E-1	6.980134997E-1
1.382909052E+9	6.948107033E-1	6.946002919E-1
1.383845779E+9	6.981454524E-1	6.913396583E-1
1.384782506E+9	7.014550416E-1	6.877376896E-1
1.385719233E+9	7.049379811E-1	6.844781481E-1
1.386655960E+9	7.080167187E-1	6.809278284E-1
1.387592687E+9	7.114752552E-1	6.773806808E-1
1.388529414E+9	7.146899012E-1	6.740099009E-1
1.389466141E+9	7.180321070E-1	6.704697450E-1
1.390402868E+9	7.214276524E-1	6.670450257E-1
1.391339595E+9	7.246553350E-1	6.634308189E-1
1.392276322E+9	7.277161169E-1	6.600106349E-1
1.393213049E+9	7.310795419E-1	6.564562060E-1
1.394149776E+9	7.342632473E-1	6.527652727E-1
1.395086503E+9	7.373283135E-1	6.493401911E-1
1.396023230E+9	7.407224103E-1	6.457157822E-1
1.396959957E+9	7.437931969E-1	6.420460552E-1
1.397896684E+9	7.467969542E-1	6.382984787E-1
1.398833411E+9	7.500321434E-1	6.347803197E-1
1.399770138E+9	7.529809837E-1	6.309838780E-1
1.400706865E+9	7.562318811E-1	6.273169342E-1
1.401643592E+9	7.594009710E-1	6.235894996E-1
1.402580319E+9	7.622482687E-1	6.199715568E-1
1.403517046E+9	7.654260828E-1	6.163813163E-1
1.404453773E+9	7.683621871E-1	6.125137695E-1
1.405390500E+9	7.712953554E-1	6.086323012E-1
1.406327227E+9	7.743101729E-1	6.047241319E-1
1.407263954E+9	7.772674473E-1	6.010767225E-1
1.408200681E+9	7.802575867E-1	5.973082277E-1
1.409137408E+9	7.832145565E-1	5.934963377E-1
1.410074135E+9	7.860100056E-1	5.896238820E-1
1.411010862E+9	7.889083914E-1	5.856835313E-1
1.411947589E+9	7.918831602E-1	5.816874317E-1
1.412884316E+9	7.946165080E-1	5.780838986E-1
1.413821043E+9	7.973956178E-1	5.740566001E-1
1.414757770E+9	8.003182471E-1	5.701520797E-1
1.415694497E+9	8.030672056E-1	5.661907252E-1
1.416631224E+9	8.058214859E-1	5.622102603E-1
1.417567951E+9	8.086241208E-1	5.580921628E-1
1.418504678E+9	8.112785759E-1	5.542844887E-1
1.419441405E+9	8.140089956E-1	5.502641963E-1
1.420378132E+9	8.167782300E-1	5.463075310E-1
1.421314859E+9	8.194760178E-1	5.423103344E-1
1.422251586E+9	8.220230729E-1	5.382673576E-1
1.423188313E+9	8.247002397E-1	5.342246838E-1
1.424125040E+9	8.273792887E-1	5.302311600E-1
1.425061767E+9	8.300008348E-1	5.261355562E-1
1.425998494E+9	8.325150303E-1	5.219950424E-1
1.426935221E+9	8.350261158E-1	5.180170003E-1
1.427871948E+9	8.375787410E-1	5.139148703E-1
1.428808675E+9	8.400697771E-1	5.098003300E-1
1.429745402E+9	8.426108581E-1	5.056944549E-1
1.430682129E+9	8.450442812E-1	5.015557725E-1
1.431618856E+9	8.475247762E-1	4.974657713E-1
1.432555583E+9	8.499288720E-1	4.932381591E-1
1.433492310E+9	8.523204713E-1	4.891335239E-1
1.434429037E+9	8.547650740E-1	4.848622287E-1
1.435365764E+9	8.571637896E-1	4.807536485E-1
1.436302491E+9	8.595486075E-1	4.765360774E-1
1.437239218E+9	8.618093388E-1	4.723700402E-1
1.438175945E+9	8.642426405E-1	4.682611049E-1
1.439112672E+9	8.664870083E-1	4.639122053E-1
1.440049399E+9	8.687065498E-1	4.596047470E-1
1.440986126E+9	8.707844548E-1	4.555635370E-1
1.441922853E+9	8.732493302E-1	4.512789533E-1
1.442859580E+9	8.754139688E-1	4.469680230E-1
1.443796307E+9	8.776002652E-1	4.427886695E-1
1.444733034E+9	8.796626994E-1	4.383985707E-1
1.445669761E+9	8.820157340E-1	4.340881238E-1
1.446606488E+9	8.841193004E-1	4.296616640E-1
1.447543215E+9	8.862779208E-1	4.254437825E-1
1.448479942E+9	8.881710802E-1	4.211330040E-1
1.449416669E+9	8.903550240E-1	4.168141878E-1
1.450353396E+9	8.922501888E-1	4.124415602E-1
1.451290123E+9	8.942596981E-1	4.080950955E-1
1.452226850E+9	8.963889108E-1	4.035324133E-1
1.453163577E+9	8.983723150E-1	3.990622383E-1
1.454100304E+9	9.001358066E-1	3.950342367E-1
1.455037031E+9	9.020814181E-1	3.904270936E-1
1.455973758E+9	9.040052378E-1	3.860096804E-1
1.456910485E+9	9.061298422E-1	3.814614060E-1
1.457847212E+9	9.079876790E-1	3.772124958E-1
1.458783939E+9	9.096185877E-1	3.726480611E-1
1.459720666E+9	9.117359144E-1	3.682019548E-1
1.460657393E+9	9.133368347E-1	3.637451752E-1
1.461594120E+9	9.149206145E-1	3.592939027E-1
1.462530847E+9	9.169333148E-1	3.549313913E-1
1.463467574E+9	9.185760986E-1	3.503435375E-1
1.464404301E+9	9.203570755E-1	3.459055324E-1
1.465341028E+9	9.220295188E-1	3.414220279E-1
1.466277755E+9	9.235629232E-1	3.367726891E-1
1.467214482E+9	9.253754432E-1	3.323410613E-1
1.468151209E+9	9.269722750E-1	3.277580616E-1
1.469087936E+9	9.286028219E-1	3.231410962E-1
1.470024663E+9	9.300444433E-1	3.186006210E-1
1.470961390E+9	9.317436239E-1	3.142273502E-1
1.471898117E+9	9.332564974E-1	3.096064021E-1
1.472834844E+9	9.347236220E-1	3.050136185E-1
1.473771571E+9	9.362342437E-1	3.005217860E-1
1.474708298E+9	9.377246330E-1	2.959726603E-1
1.475645025E+9	9.391693318E-1	2.911749443E-1
1.476581752E+9	9.406162263E-1	2.866288823E-1
1.477518479E+9	9.420424441E-1	2.820400731E-1
1.478455206E+9	9.434053307E-1	2.774557321E-1
1.479391933E+9	9.449039615E-1	2.727725538E-1
1.480328660E+9	9.462033759E-1	2.681072547E-1
1.481265387E+9	9.474092202E-1	2.634973117E-1
1.482202114E+9	9.488743257E-1	2.588068393E-1
1.483138841E+9	9.500134083E-1	2.541982569E-1
1.484075568E+9	9.513604144E-1	2.494692459E-1
1.485012295E+9	9.525688592E-1	2.448292566E-1
1.485949022E+9	9.538013501E-1	2.402171217E-1
1.486885749E+9	9.551265086E-1	2.357434269E-1
1.487822476E+9	9.561454065E-1	2.307714675E-1
1.488759203E+9	9.573132778E-1	2.261370018E-1
1.489695930E+9	9.584205983E-1	2.214472684E-1
1.490632657E+9	9.596393284E-1	2.168861112E-1
1.491569384E+9	9.606345481E-1	2.122747416E-1
1.492506111E+9	9.617409759E-1	2.075306133E-1
1.493442838E+9	9.626721088E-1	2.028299683E-1
1.494379565E+9	9.636631984E-1	1.981404741E-1
1.495316292E+9	9.646742102E-1	1.932729939E-1
1.496253019E+9	9.659179224E-1	1.888081473E-1
1.497189746E+9	9.665845844E-1	1.839134920E-1
1.498126473E+9	9.675452755E-1	1.792806657E-1
1.499063200E+9	9.683796631E-1	1.747499220E-1
1.499999927E+9	9.690831406E-1	1.698400162E-1
